timestamp,sampleNum,BIOZI,BIOZQ,BIOZ
46825.682861328125,1.0,168706.0,-74873.0,126634.0
46844.36572265625,2.0,250025.0,-117548.0,83959.0
46863.048583984375,3.0,316192.0,-152949.0,48558.0
46881.7314453125,4.0,362284.0,-178060.0,23447.0
46900.4140625,5.0,389359.0,-193170.0,8337.0
46919.096923828125,6.0,401302.0,-200190.0,1317.0
46937.77978515625,7.0,402738.0,-201507.0,0.0
46956.462646484375,8.0,397853.0,-199335.0,2172.0
46975.1455078125,9.0,389876.0,-195406.0,6101.0
46993.828369140625,10.0,380988.0,-190903.0,10604.0
47012.51123046875,11.0,372459.0,-186532.0,14975.0
47031.194091796875,12.0,364871.0,-182627.0,18880.0
47049.876708984375,13.0,358362.0,-179280.0,22227.0
47068.5595703125,14.0,352822.0,-176442.0,25065.0
47087.242431640625,15.0,348034.0,-174002.0,27505.0
47105.92529296875,16.0,343763.0,-171841.0,29666.0
47124.608154296875,17.0,339809.0,-169852.0,31655.0
47143.291015625,18.0,336021.0,-167958.0,33549.0
47161.973876953125,19.0,332302.0,-166105.0,35402.0
47180.65673828125,20.0,328601.0,-164263.0,37244.0
47199.339599609375,21.0,324896.0,-162420.0,39087.0
47218.022216796875,22.0,321186.0,-160574.0,40933.0
47236.705078125,23.0,317478.0,-158725.0,42782.0
47255.387939453125,24.0,313783.0,-156881.0,44626.0
47274.07080078125,25.0,310113.0,-155046.0,46461.0
47292.753662109375,26.0,306476.0,-153225.0,48282.0
47311.4365234375,27.0,302878.0,-151420.0,50087.0
47330.119384765625,28.0,299320.0,-149636.0,51871.0
47348.80224609375,29.0,295806.0,-147875.0,53632.0
47367.48486328125,30.0,292334.0,-146136.0,55371.0
47386.167724609375,31.0,288906.0,-144419.0,57088.0
47404.8505859375,32.0,285520.0,-142724.0,58783.0
47423.533447265625,33.0,282173.0,-141053.0,60454.0
47442.21630859375,34.0,278862.0,-139407.0,62100.0
47460.899169921875,35.0,275586.0,-137784.0,63723.0
47479.58203125,36.0,272347.0,-136182.0,65325.0
47498.264892578125,37.0,269146.0,-134597.0,66910.0
47516.947509765625,38.0,265985.0,-133029.0,68478.0
47535.63037109375,39.0,262863.0,-131473.0,70034.0
47554.313232421875,40.0,259781.0,-129932.0,71575.0
47572.99609375,41.0,256737.0,-128406.0,73101.0
47591.678955078125,42.0,253733.0,-126895.0,74612.0
47610.36181640625,43.0,250764.0,-125401.0,76106.0
47629.044677734375,44.0,247832.0,-123925.0,77582.0
47647.7275390625,45.0,244931.0,-122469.0,79038.0
47666.410400390625,46.0,242064.0,-121030.0,80477.0
47685.093017578125,47.0,239228.0,-119610.0,81897.0
47703.77587890625,48.0,236425.0,-118207.0,83300.0
47722.458740234375,49.0,233655.0,-116821.0,84686.0
47741.1416015625,50.0,230920.0,-115451.0,86056.0
47759.824462890625,51.0,228217.0,-114096.0,87411.0
47778.50732421875,52.0,225546.0,-112757.0,88750.0
47797.190185546875,53.0,222905.0,-111434.0,90073.0
47815.873046875,54.0,220293.0,-110128.0,91379.0
47834.5556640625,55.0,217711.0,-108840.0,92667.0
47853.238525390625,56.0,215158.0,-107566.0,93941.0
47871.92138671875,57.0,212636.0,-106307.0,95200.0
47890.604248046875,58.0,210146.0,-105060.0,96447.0
47909.287109375,59.0,207687.0,-103827.0,97680.0
47927.969970703125,60.0,205257.0,-102608.0,98899.0
47946.65283203125,61.0,202856.0,-101403.0,100104.0
47965.335693359375,62.0,200482.0,-100211.0,101296.0
47984.0185546875,63.0,198138.0,-99033.0,102474.0
48002.701171875,64.0,195822.0,-97869.0,103638.0
48021.384033203125,65.0,193532.0,-96719.0,104788.0
48040.06689453125,66.0,191268.0,-95583.0,105924.0
48058.749755859375,67.0,189028.0,-94462.0,107045.0
48077.4326171875,68.0,186810.0,-93359.0,108148.0
48096.115478515625,69.0,184613.0,-92274.0,109233.0
48114.79833984375,70.0,182439.0,-91204.0,110303.0
48133.481201171875,71.0,180290.0,-90146.0,111361.0
48152.163818359375,72.0,178169.0,-89097.0,112410.0
48170.8466796875,73.0,176077.0,-88058.0,113449.0
48189.529541015625,74.0,174012.0,-87028.0,114479.0
48208.21240234375,75.0,171973.0,-86006.0,115501.0
48226.895263671875,76.0,169960.0,-84995.0,116512.0
48245.578125,77.0,167973.0,-83994.0,117513.0
48264.260986328125,78.0,166010.0,-83004.0,118503.0
48282.94384765625,79.0,164072.0,-82027.0,119480.0
48301.626708984375,80.0,162155.0,-81061.0,120446.0
48320.309326171875,81.0,160258.0,-80109.0,121398.0
48338.9921875,82.0,158381.0,-79169.0,122338.0
48357.675048828125,83.0,156525.0,-78239.0,123268.0
48376.35791015625,84.0,154692.0,-77320.0,124187.0
48395.040771484375,85.0,152881.0,-76412.0,125095.0
48413.7236328125,86.0,151092.0,-75515.0,125992.0
48432.406494140625,87.0,149323.0,-74629.0,126878.0
48451.08935546875,88.0,147572.0,-73756.0,127751.0
48469.77197265625,89.0,145840.0,-72893.0,128614.0
48488.454833984375,90.0,144126.0,-72038.0,129469.0
48507.1376953125,91.0,142433.0,-71195.0,130312.0
48525.820556640625,92.0,140761.0,-70361.0,131146.0
48544.50341796875,93.0,139110.0,-69535.0,131972.0
48563.186279296875,94.0,137479.0,-68718.0,132789.0
48581.869140625,95.0,135870.0,-67909.0,133598.0
48600.552001953125,96.0,134282.0,-67109.0,134398.0
48619.234619140625,97.0,132714.0,-66321.0,135186.0
48637.91748046875,98.0,131163.0,-65542.0,135965.0
48656.600341796875,99.0,129630.0,-64772.0,136735.0
48675.283203125,100.0,128113.0,-64011.0,137496.0
48693.966064453125,101.0,126613.0,-63260.0,138247.0
48712.64892578125,102.0,125125.0,-62520.0,138987.0
48731.331787109375,103.0,123652.0,-61792.0,139715.0
48750.0146484375,104.0,122191.0,-61077.0,140430.0
48768.697509765625,105.0,120747.0,-60373.0,141134.0
48787.380126953125,106.0,119321.0,-59678.0,141829.0
48806.06298828125,107.0,117918.0,-58988.0,142519.0
48824.745849609375,108.0,116534.0,-58301.0,143206.0
48843.4287109375,109.0,115171.0,-57619.0,143888.0
48862.111572265625,110.0,113826.0,-56941.0,144566.0
48880.79443359375,111.0,112496.0,-56269.0,145238.0
48899.477294921875,112.0,111181.0,-55604.0,145903.0
48918.16015625,113.0,109880.0,-54948.0,146559.0
48936.8427734375,114.0,108595.0,-54300.0,147207.0
48955.525634765625,115.0,107323.0,-53660.0,147847.0
48974.20849609375,116.0,106069.0,-53029.0,148478.0
48992.891357421875,117.0,104828.0,-52406.0,149101.0
49011.57421875,118.0,103602.0,-51790.0,149717.0
49030.257080078125,119.0,102390.0,-51181.0,150326.0
49048.93994140625,120.0,101191.0,-50578.0,150929.0
49067.622802734375,121.0,100005.0,-49982.0,151525.0
49086.3056640625,122.0,98832.0,-49396.0,152111.0
49104.98828125,123.0,97674.0,-48818.0,152689.0
49123.671142578125,124.0,96529.0,-48247.0,153260.0
49142.35400390625,125.0,95396.0,-47683.0,153824.0
49161.036865234375,126.0,94277.0,-47125.0,154382.0
49179.7197265625,127.0,93173.0,-46571.0,154936.0
49198.402587890625,128.0,92082.0,-46024.0,155483.0
49217.08544921875,129.0,91006.0,-45482.0,156025.0
49235.768310546875,130.0,89943.0,-44947.0,156560.0
49254.450927734375,131.0,88892.0,-44419.0,157088.0
49273.1337890625,132.0,87853.0,-43897.0,157610.0
49291.816650390625,133.0,86822.0,-43381.0,158126.0
49310.49951171875,134.0,85803.0,-42870.0,158637.0
49329.182373046875,135.0,84797.0,-42366.0,159141.0
49347.865234375,136.0,83801.0,-41868.0,159639.0
49366.548095703125,137.0,82814.0,-41380.0,160127.0
49385.23095703125,138.0,81836.0,-40902.0,160605.0
49403.913818359375,139.0,80867.0,-40432.0,161075.0
49422.596435546875,140.0,79909.0,-39970.0,161537.0
49441.279296875,141.0,78966.0,-39510.0,161997.0
49459.962158203125,142.0,78036.0,-39052.0,162455.0
49478.64501953125,143.0,77122.0,-38597.0,162910.0
49497.327880859375,144.0,76221.0,-38142.0,163365.0
49516.0107421875,145.0,75333.0,-37691.0,163816.0
49534.693603515625,146.0,74454.0,-37246.0,164261.0
49553.37646484375,147.0,73587.0,-36805.0,164702.0
49572.05908203125,148.0,72728.0,-36371.0,165136.0
49590.741943359375,149.0,71879.0,-35941.0,165566.0
49609.4248046875,150.0,71039.0,-35517.0,165990.0
49628.107666015625,151.0,70207.0,-35100.0,166407.0
49646.79052734375,152.0,69385.0,-34688.0,166819.0
49665.473388671875,153.0,68573.0,-34280.0,167227.0
49684.15625,154.0,67773.0,-33878.0,167629.0
49702.839111328125,155.0,66981.0,-33481.0,168026.0
49721.521728515625,156.0,66197.0,-33088.0,168419.0
49740.20458984375,157.0,65421.0,-32700.0,168807.0
49758.887451171875,158.0,64654.0,-32317.0,169190.0
49777.5703125,159.0,63898.0,-31938.0,169569.0
49796.253173828125,160.0,63149.0,-31564.0,169943.0
49814.93603515625,161.0,62410.0,-31194.0,170313.0
49833.618896484375,162.0,61679.0,-30828.0,170679.0
49852.3017578125,163.0,60959.0,-30465.0,171042.0
49870.984619140625,164.0,60246.0,-30105.0,171402.0
49889.667236328125,165.0,59544.0,-29749.0,171758.0
49908.35009765625,166.0,58852.0,-29397.0,172110.0
49927.032958984375,167.0,58167.0,-29051.0,172456.0
49945.7158203125,168.0,57488.0,-28709.0,172798.0
49964.398681640625,169.0,56815.0,-28372.0,173135.0
49983.08154296875,170.0,56146.0,-28042.0,173465.0
50001.764404296875,171.0,55480.0,-27721.0,173786.0
50020.447265625,172.0,54820.0,-27408.0,174099.0
50039.1298828125,173.0,54165.0,-27098.0,174409.0
50057.812744140625,174.0,53518.0,-26792.0,174715.0
50076.49560546875,175.0,52881.0,-26485.0,175022.0
50095.178466796875,176.0,52254.0,-26178.0,175329.0
50113.861328125,177.0,51637.0,-25870.0,175637.0
50132.544189453125,178.0,51030.0,-25564.0,175943.0
50151.22705078125,179.0,50433.0,-25260.0,176247.0
50169.909912109375,180.0,49843.0,-24960.0,176547.0
50188.5927734375,181.0,49261.0,-24664.0,176843.0
50207.275390625,182.0,48686.0,-24372.0,177135.0
50225.958251953125,183.0,48116.0,-24085.0,177422.0
50244.64111328125,184.0,47552.0,-23802.0,177705.0
50263.323974609375,185.0,46995.0,-23522.0,177985.0
50282.0068359375,186.0,46447.0,-23244.0,178263.0
50300.689697265625,187.0,45907.0,-22970.0,178537.0
50319.37255859375,188.0,45373.0,-22698.0,178809.0
50338.055419921875,189.0,44844.0,-22431.0,179076.0
50356.738037109375,190.0,44321.0,-22169.0,179338.0
50375.4208984375,191.0,43802.0,-21909.0,179598.0
50394.103759765625,192.0,43290.0,-21651.0,179856.0
50412.78662109375,193.0,42785.0,-21395.0,180112.0
50431.469482421875,194.0,42287.0,-21142.0,180365.0
50450.15234375,195.0,41794.0,-20890.0,180617.0
50468.835205078125,196.0,41308.0,-20641.0,180866.0
50487.51806640625,197.0,40827.0,-20396.0,181111.0
50506.200927734375,198.0,40353.0,-20154.0,181353.0
50524.883544921875,199.0,39883.0,-19916.0,181591.0
50543.56640625,200.0,39417.0,-19682.0,181825.0
50562.249267578125,201.0,38958.0,-19450.0,182057.0
50580.93212890625,202.0,38501.0,-19223.0,182284.0
50599.614990234375,203.0,38047.0,-19003.0,182504.0
50618.2978515625,204.0,37595.0,-18788.0,182719.0
50636.980712890625,205.0,37146.0,-18578.0,182929.0
50655.66357421875,206.0,36704.0,-18369.0,183138.0
50674.34619140625,207.0,36269.0,-18161.0,183346.0
50693.029052734375,208.0,35842.0,-17951.0,183556.0
50711.7119140625,209.0,35425.0,-17740.0,183767.0
50730.394775390625,210.0,35014.0,-17529.0,183978.0
50749.07763671875,211.0,34608.0,-17319.0,184188.0
50767.760498046875,212.0,34206.0,-17112.0,184395.0
50786.443359375,213.0,33808.0,-16910.0,184597.0
50805.126220703125,214.0,33415.0,-16710.0,184797.0
50823.808837890625,215.0,33025.0,-16512.0,184995.0
50842.49169921875,216.0,32640.0,-16316.0,185191.0
50861.174560546875,217.0,32260.0,-16124.0,185383.0
50879.857421875,218.0,31885.0,-15934.0,185573.0
50898.540283203125,219.0,31514.0,-15745.0,185762.0
50917.22314453125,220.0,31147.0,-15558.0,185949.0
50935.906005859375,221.0,30784.0,-15374.0,186133.0
50954.5888671875,222.0,30423.0,-15192.0,186315.0
50973.271728515625,223.0,30066.0,-15013.0,186494.0
50991.954345703125,224.0,29712.0,-14835.0,186672.0
51010.63720703125,225.0,29364.0,-14660.0,186847.0
51029.320068359375,226.0,29020.0,-14486.0,187021.0
51048.0029296875,227.0,28682.0,-14313.0,187194.0
51066.685791015625,228.0,28348.0,-14142.0,187365.0
51085.36865234375,229.0,28019.0,-13973.0,187534.0
51104.051513671875,230.0,27693.0,-13806.0,187701.0
51122.734375,231.0,27370.0,-13641.0,187866.0
51141.4169921875,232.0,27049.0,-13479.0,188028.0
51160.099853515625,233.0,26731.0,-13321.0,188186.0
51178.78271484375,234.0,26417.0,-13166.0,188341.0
51197.465576171875,235.0,26105.0,-13015.0,188492.0
51216.1484375,236.0,25795.0,-12868.0,188639.0
51234.831298828125,237.0,25486.0,-12726.0,188781.0
51253.51416015625,238.0,25179.0,-12587.0,188920.0
51272.197021484375,239.0,24876.0,-12449.0,189058.0
51290.8798828125,240.0,24579.0,-12309.0,189198.0
51309.5625,241.0,24289.0,-12168.0,189339.0
51328.245361328125,242.0,24005.0,-12025.0,189482.0
51346.92822265625,243.0,23727.0,-11881.0,189626.0
51365.611083984375,244.0,23453.0,-11739.0,189768.0
51384.2939453125,245.0,23181.0,-11598.0,189909.0
51402.976806640625,246.0,22911.0,-11459.0,190048.0
51421.65966796875,247.0,22645.0,-11323.0,190184.0
51440.342529296875,248.0,22380.0,-11189.0,190318.0
51459.025146484375,249.0,22119.0,-11056.0,190451.0
51477.7080078125,250.0,21860.0,-10925.0,190582.0
51496.390869140625,251.0,21606.0,-10796.0,190711.0
51515.07373046875,252.0,21356.0,-10666.0,190841.0
51533.756591796875,253.0,21110.0,-10537.0,190970.0
51552.439453125,254.0,20869.0,-10410.0,191097.0
51571.122314453125,255.0,20628.0,-10286.0,191221.0
51589.80517578125,256.0,20390.0,-10164.0,191343.0
51608.488037109375,257.0,20151.0,-10043.0,191464.0
51627.170654296875,258.0,19914.0,-9924.0,191583.0
51645.853515625,259.0,19681.0,-9806.0,191701.0
51664.536376953125,260.0,19452.0,-9689.0,191818.0
51683.21923828125,261.0,19225.0,-9574.0,191933.0
51701.902099609375,262.0,18999.0,-9459.0,192048.0
51720.5849609375,263.0,18776.0,-9348.0,192159.0
51739.267822265625,264.0,18555.0,-9240.0,192267.0
51757.95068359375,265.0,18336.0,-9133.0,192374.0
51776.63330078125,266.0,18121.0,-9027.0,192480.0
51795.316162109375,267.0,17908.0,-8922.0,192585.0
51813.9990234375,268.0,17698.0,-8817.0,192690.0
51832.681884765625,269.0,17492.0,-8714.0,192793.0
51851.36474609375,270.0,17286.0,-8613.0,192894.0
51870.047607421875,271.0,17082.0,-8513.0,192994.0
51888.73046875,272.0,16882.0,-8414.0,193093.0
51907.413330078125,273.0,16683.0,-8315.0,193192.0
51926.095947265625,274.0,16485.0,-8222.0,193285.0
51944.77880859375,275.0,16285.0,-8134.0,193373.0
51963.461669921875,276.0,16085.0,-8049.0,193458.0
51982.14453125,277.0,15889.0,-7965.0,193542.0
52000.827392578125,278.0,15698.0,-7879.0,193628.0
52019.51025390625,279.0,15513.0,-7789.0,193718.0
52038.193115234375,280.0,15331.0,-7698.0,193809.0
52056.8759765625,281.0,15155.0,-7605.0,193902.0
52075.558837890625,282.0,14981.0,-7512.0,193995.0
52094.241455078125,283.0,14809.0,-7419.0,194088.0
52112.92431640625,284.0,14638.0,-7328.0,194179.0
52131.607177734375,285.0,14468.0,-7238.0,194269.0
52150.2900390625,286.0,14299.0,-7151.0,194356.0
52168.972900390625,287.0,14130.0,-7065.0,194442.0
52187.65576171875,288.0,13964.0,-6982.0,194525.0
52206.338623046875,289.0,13800.0,-6900.0,194607.0
52225.021484375,290.0,13639.0,-6818.0,194689.0
52243.7041015625,291.0,13482.0,-6737.0,194770.0
52262.386962890625,292.0,13325.0,-6659.0,194848.0
52281.06982421875,293.0,13169.0,-6581.0,194926.0
52299.752685546875,294.0,13016.0,-6504.0,195003.0
52318.435546875,295.0,12865.0,-6427.0,195080.0
52337.118408203125,296.0,12715.0,-6350.0,195157.0
52355.80126953125,297.0,12567.0,-6274.0,195233.0
52374.484130859375,298.0,12421.0,-6198.0,195309.0
52393.1669921875,299.0,12278.0,-6123.0,195384.0
52411.849609375,300.0,12136.0,-6049.0,195458.0
52430.532470703125,301.0,11996.0,-5977.0,195530.0
52449.21533203125,302.0,11855.0,-5907.0,195600.0
52467.898193359375,303.0,11714.0,-5839.0,195668.0
52486.5810546875,304.0,11576.0,-5772.0,195735.0
52505.263916015625,305.0,11440.0,-5707.0,195800.0
52523.94677734375,306.0,11305.0,-5642.0,195865.0
52542.629638671875,307.0,11171.0,-5577.0,195930.0
52561.312255859375,308.0,11040.0,-5511.0,195996.0
52579.9951171875,309.0,10911.0,-5447.0,196060.0
52598.677978515625,310.0,10785.0,-5382.0,196125.0
52617.36083984375,311.0,10659.0,-5320.0,196187.0
52636.043701171875,312.0,10532.0,-5261.0,196246.0
52654.7265625,313.0,10401.0,-5208.0,196299.0
52673.409423828125,314.0,10270.0,-5156.0,196351.0
52692.09228515625,315.0,10142.0,-5104.0,196403.0
52710.775146484375,316.0,10016.0,-5049.0,196458.0
52729.457763671875,317.0,9895.0,-4992.0,196515.0
52748.140625,318.0,9779.0,-4932.0,196575.0
52766.823486328125,319.0,9666.0,-4871.0,196636.0
52785.50634765625,320.0,9556.0,-4810.0,196697.0
52804.189208984375,321.0,9447.0,-4749.0,196758.0
52822.8720703125,322.0,9339.0,-4689.0,196818.0
52841.554931640625,323.0,9233.0,-4631.0,196876.0
52860.23779296875,324.0,9128.0,-4574.0,196933.0
52878.92041015625,325.0,9024.0,-4519.0,196988.0
52897.603271484375,326.0,8921.0,-4466.0,197041.0
52916.2861328125,327.0,8819.0,-4413.0,197094.0
52934.968994140625,328.0,8719.0,-4360.0,197147.0
52953.65185546875,329.0,8620.0,-4307.0,197200.0
52972.334716796875,330.0,8522.0,-4254.0,197253.0
52991.017578125,331.0,8424.0,-4203.0,197304.0
53009.700439453125,332.0,8327.0,-4151.0,197356.0
53028.383056640625,333.0,8232.0,-4102.0,197405.0
53047.06591796875,334.0,8136.0,-4054.0,197453.0
53065.748779296875,335.0,8042.0,-4006.0,197501.0
53084.431640625,336.0,7949.0,-3958.0,197549.0
53103.114501953125,337.0,7857.0,-3911.0,197596.0
53121.79736328125,338.0,7764.0,-3864.0,197643.0
53140.480224609375,339.0,7673.0,-3819.0,197688.0
53159.1630859375,340.0,7584.0,-3774.0,197733.0
53177.845947265625,341.0,7495.0,-3729.0,197778.0
53196.528564453125,342.0,7408.0,-3685.0,197822.0
53215.21142578125,343.0,7322.0,-3641.0,197866.0
53233.894287109375,344.0,7238.0,-3597.0,197910.0
53252.5771484375,345.0,7153.0,-3554.0,197953.0
53271.260009765625,346.0,7068.0,-3514.0,197993.0
53289.94287109375,347.0,6980.0,-3479.0,198028.0
53308.625732421875,348.0,6889.0,-3447.0,198060.0
53327.30859375,349.0,6800.0,-3416.0,198091.0
53345.9912109375,350.0,6713.0,-3383.0,198124.0
53364.674072265625,351.0,6629.0,-3348.0,198159.0
53383.35693359375,352.0,6547.0,-3309.0,198198.0
53402.039794921875,353.0,6471.0,-3268.0,198239.0
53420.72265625,354.0,6397.0,-3227.0,198280.0
53439.405517578125,355.0,6324.0,-3186.0,198321.0
53458.08837890625,356.0,6253.0,-3146.0,198361.0
53476.771240234375,357.0,6183.0,-3106.0,198401.0
53495.4541015625,358.0,6114.0,-3066.0,198441.0
53514.13671875,359.0,6043.0,-3028.0,198479.0
53532.819580078125,360.0,5972.0,-2990.0,198517.0
53551.50244140625,361.0,5904.0,-2953.0,198554.0
53570.185302734375,362.0,5838.0,-2915.0,198592.0
53588.8681640625,363.0,5775.0,-2879.0,198628.0
53607.551025390625,364.0,5711.0,-2844.0,198663.0
53626.23388671875,365.0,5647.0,-2809.0,198698.0
53644.916748046875,366.0,5581.0,-2776.0,198731.0
53663.599365234375,367.0,5515.0,-2743.0,198764.0
53682.2822265625,368.0,5449.0,-2711.0,198796.0
53700.965087890625,369.0,5386.0,-2677.0,198830.0
53719.64794921875,370.0,5326.0,-2643.0,198864.0
53738.330810546875,371.0,5268.0,-2610.0,198897.0
53757.013671875,372.0,5210.0,-2578.0,198929.0
53775.696533203125,373.0,5149.0,-2548.0,198959.0
53794.37939453125,374.0,5084.0,-2519.0,198988.0
53813.062255859375,375.0,5017.0,-2492.0,199015.0
53831.744873046875,376.0,4951.0,-2466.0,199041.0
53850.427734375,377.0,4887.0,-2440.0,199067.0
53869.110595703125,378.0,4825.0,-2412.0,199095.0
53887.79345703125,379.0,4767.0,-2384.0,199123.0
53906.476318359375,380.0,4714.0,-2355.0,199152.0
53925.1591796875,381.0,4662.0,-2327.0,199180.0
53943.842041015625,382.0,4609.0,-2300.0,199207.0
53962.52490234375,383.0,4553.0,-2279.0,199228.0
53981.20751953125,384.0,4494.0,-2261.0,199246.0
53999.890380859375,385.0,4436.0,-2242.0,199265.0
54018.5732421875,386.0,4379.0,-2222.0,199285.0
54037.256103515625,387.0,4324.0,-2198.0,199309.0
54055.93896484375,388.0,4274.0,-2171.0,199336.0
54074.621826171875,389.0,4226.0,-2143.0,199364.0
54093.3046875,390.0,4178.0,-2115.0,199392.0
54111.987548828125,391.0,4131.0,-2087.0,199420.0
54130.670166015625,392.0,4085.0,-2058.0,199449.0
54149.35302734375,393.0,4040.0,-2031.0,199476.0
54168.035888671875,394.0,3997.0,-2005.0,199502.0
54186.71875,395.0,3954.0,-1981.0,199526.0
54205.401611328125,396.0,3912.0,-1957.0,199550.0
54224.08447265625,397.0,3871.0,-1933.0,199574.0
54242.767333984375,398.0,3828.0,-1908.0,199599.0
54261.4501953125,399.0,3785.0,-1884.0,199623.0
54280.133056640625,400.0,3743.0,-1859.0,199648.0
54298.815673828125,401.0,3699.0,-1835.0,199672.0
54317.49853515625,402.0,3653.0,-1812.0,199695.0
54336.181396484375,403.0,3606.0,-1791.0,199716.0
54354.8642578125,404.0,3561.0,-1770.0,199737.0
54373.547119140625,405.0,3518.0,-1748.0,199759.0
54392.22998046875,406.0,3477.0,-1726.0,199781.0
54410.912841796875,407.0,3436.0,-1705.0,199802.0
54429.595703125,408.0,3397.0,-1684.0,199823.0
54448.2783203125,409.0,3358.0,-1665.0,199842.0
54466.961181640625,410.0,3318.0,-1646.0,199861.0
54485.64404296875,411.0,3279.0,-1628.0,199879.0
54504.326904296875,412.0,3239.0,-1611.0,199896.0
54523.009765625,413.0,3200.0,-1594.0,199913.0
54541.692626953125,414.0,3164.0,-1576.0,199931.0
54560.37548828125,415.0,3127.0,-1559.0,199948.0
54579.058349609375,416.0,3090.0,-1540.0,199967.0
54597.7412109375,417.0,3054.0,-1521.0,199986.0
54616.423828125,418.0,3018.0,-1502.0,200005.0
54635.106689453125,419.0,2981.0,-1487.0,200020.0
54653.78955078125,420.0,2939.0,-1477.0,200030.0
54672.472412109375,421.0,2894.0,-1469.0,200038.0
54691.1552734375,422.0,2849.0,-1460.0,200047.0
54709.838134765625,423.0,2806.0,-1449.0,200058.0
54728.52099609375,424.0,2769.0,-1435.0,200072.0
54747.203857421875,425.0,2736.0,-1417.0,200090.0
54765.886474609375,426.0,2705.0,-1397.0,200110.0
54784.5693359375,427.0,2677.0,-1376.0,200131.0
54803.252197265625,428.0,2650.0,-1355.0,200152.0
54821.93505859375,429.0,2624.0,-1335.0,200172.0
54840.617919921875,430.0,2597.0,-1317.0,200190.0
54859.30078125,431.0,2569.0,-1299.0,200208.0
54877.983642578125,432.0,2541.0,-1283.0,200224.0
54896.66650390625,433.0,2514.0,-1267.0,200240.0
54915.34912109375,434.0,2486.0,-1251.0,200256.0
54934.031982421875,435.0,2460.0,-1235.0,200272.0
54952.71484375,436.0,2434.0,-1219.0,200288.0
54971.397705078125,437.0,2409.0,-1203.0,200304.0
54990.08056640625,438.0,2383.0,-1187.0,200320.0
55008.763427734375,439.0,2356.0,-1172.0,200335.0
55027.4462890625,440.0,2328.0,-1158.0,200349.0
55046.129150390625,441.0,2301.0,-1143.0,200364.0
55064.81201171875,442.0,2274.0,-1128.0,200379.0
55083.49462890625,443.0,2248.0,-1114.0,200393.0
55102.177490234375,444.0,2223.0,-1099.0,200408.0
55120.8603515625,445.0,2198.0,-1086.0,200421.0
55139.543212890625,446.0,2173.0,-1074.0,200433.0
55158.22607421875,447.0,2147.0,-1064.0,200443.0
55176.908935546875,448.0,2121.0,-1054.0,200453.0
55195.591796875,449.0,2096.0,-1044.0,200463.0
55214.274658203125,450.0,2071.0,-1032.0,200475.0
55232.957275390625,451.0,2048.0,-1020.0,200487.0
55251.64013671875,452.0,2025.0,-1007.0,200500.0
55270.322998046875,453.0,2005.0,-992.0,200515.0
55289.005859375,454.0,1989.0,-978.0,200529.0
55307.688720703125,455.0,1972.0,-965.0,200542.0
55326.37158203125,456.0,1952.0,-954.0,200553.0
55345.054443359375,457.0,1926.0,-947.0,200560.0
55363.7373046875,458.0,1896.0,-944.0,200563.0
55382.420166015625,459.0,1864.0,-942.0,200565.0
55401.102783203125,460.0,1834.0,-940.0,200567.0
55419.78564453125,461.0,1807.0,-935.0,200572.0
55438.468505859375,462.0,1785.0,-926.0,200581.0
55457.1513671875,463.0,1765.0,-914.0,200593.0
55475.834228515625,464.0,1747.0,-900.0,200607.0
55494.51708984375,465.0,1730.0,-886.0,200621.0
55513.199951171875,466.0,1712.0,-872.0,200635.0
55531.8828125,467.0,1694.0,-860.0,200647.0
55550.5654296875,468.0,1676.0,-849.0,200658.0
55569.248291015625,469.0,1658.0,-838.0,200669.0
55587.93115234375,470.0,1639.0,-827.0,200680.0
55606.614013671875,471.0,1619.0,-816.0,200691.0
55625.296875,472.0,1597.0,-807.0,200700.0
55643.979736328125,473.0,1574.0,-797.0,200710.0
55662.66259765625,474.0,1552.0,-787.0,200720.0
55681.345458984375,475.0,1532.0,-777.0,200730.0
55700.0283203125,476.0,1513.0,-766.0,200741.0
55718.7109375,477.0,1497.0,-756.0,200751.0
55737.393798828125,478.0,1481.0,-746.0,200761.0
55756.07666015625,479.0,1468.0,-735.0,200772.0
55774.759521484375,480.0,1456.0,-724.0,200783.0
55793.4423828125,481.0,1444.0,-712.0,200795.0
55812.125244140625,482.0,1433.0,-701.0,200806.0
55830.80810546875,483.0,1422.0,-689.0,200818.0
55849.490966796875,484.0,1408.0,-680.0,200827.0
55868.173583984375,485.0,1394.0,-671.0,200836.0
55886.8564453125,486.0,1377.0,-663.0,200844.0
55905.539306640625,487.0,1360.0,-657.0,200850.0
55924.22216796875,488.0,1341.0,-651.0,200856.0
55942.905029296875,489.0,1321.0,-645.0,200862.0
55961.587890625,490.0,1302.0,-640.0,200867.0
55980.270751953125,491.0,1282.0,-636.0,200871.0
55998.95361328125,492.0,1258.0,-636.0,200871.0
56017.63623046875,493.0,1232.0,-637.0,200870.0
56036.319091796875,494.0,1208.0,-640.0,200867.0
56055.001953125,495.0,1186.0,-639.0,200868.0
56073.684814453125,496.0,1169.0,-636.0,200871.0
56092.36767578125,497.0,1156.0,-629.0,200878.0
56111.050537109375,498.0,1144.0,-619.0,200888.0
56129.7333984375,499.0,1136.0,-608.0,200899.0
56148.416259765625,500.0,1130.0,-596.0,200911.0
56167.09912109375,501.0,1123.0,-583.0,200924.0
56185.78173828125,502.0,1116.0,-572.0,200935.0
56204.464599609375,503.0,1107.0,-562.0,200945.0
56223.1474609375,504.0,1095.0,-556.0,200951.0
56241.830322265625,505.0,1082.0,-549.0,200958.0
56260.51318359375,506.0,1070.0,-543.0,200964.0
56279.196044921875,507.0,1056.0,-535.0,200972.0
56297.87890625,508.0,1043.0,-528.0,200979.0
56316.561767578125,509.0,1031.0,-519.0,200988.0
56335.244384765625,510.0,1021.0,-510.0,200997.0
56353.92724609375,511.0,1011.0,-501.0,201006.0
56372.610107421875,512.0,1002.0,-493.0,201014.0
56391.29296875,513.0,992.0,-484.0,201023.0
56409.975830078125,514.0,980.0,-476.0,201031.0
56428.65869140625,515.0,970.0,-469.0,201038.0
56447.341552734375,516.0,958.0,-461.0,201046.0
56466.0244140625,517.0,948.0,-454.0,201053.0
56484.707275390625,518.0,939.0,-447.0,201060.0
56503.389892578125,519.0,930.0,-440.0,201067.0
56522.07275390625,520.0,923.0,-433.0,201074.0
56540.755615234375,521.0,915.0,-428.0,201079.0
56559.4384765625,522.0,907.0,-424.0,201083.0
56578.121337890625,523.0,894.0,-421.0,201086.0
56596.80419921875,524.0,878.0,-420.0,201087.0
56615.487060546875,525.0,860.0,-423.0,201084.0
56634.169921875,526.0,841.0,-429.0,201078.0
56652.8525390625,527.0,823.0,-434.0,201073.0
56671.535400390625,528.0,811.0,-435.0,201072.0
56690.21826171875,529.0,801.0,-433.0,201074.0
56708.901123046875,530.0,796.0,-426.0,201081.0
56727.583984375,531.0,792.0,-417.0,201090.0
56746.266845703125,532.0,790.0,-407.0,201100.0
56764.94970703125,533.0,786.0,-397.0,201110.0
56783.632568359375,534.0,781.0,-389.0,201118.0
56802.3154296875,535.0,776.0,-380.0,201127.0
56820.998046875,536.0,770.0,-374.0,201133.0
56839.680908203125,537.0,763.0,-368.0,201139.0
56858.36376953125,538.0,755.0,-364.0,201143.0
56877.046630859375,539.0,746.0,-361.0,201146.0
56895.7294921875,540.0,738.0,-355.0,201152.0
56914.412353515625,541.0,731.0,-350.0,201157.0
56933.09521484375,542.0,725.0,-343.0,201164.0
56951.778076171875,543.0,718.0,-337.0,201170.0
56970.460693359375,544.0,712.0,-332.0,201175.0
56989.1435546875,545.0,707.0,-327.0,201180.0
57007.826416015625,546.0,698.0,-323.0,201184.0
57026.50927734375,547.0,687.0,-320.0,201187.0
57045.192138671875,548.0,674.0,-316.0,201191.0
57063.875,549.0,663.0,-311.0,201196.0
57082.557861328125,550.0,654.0,-305.0,201202.0
57101.24072265625,551.0,648.0,-300.0,201207.0
57119.92333984375,552.0,644.0,-295.0,201212.0
57138.606201171875,553.0,641.0,-291.0,201216.0
57157.2890625,554.0,638.0,-287.0,201220.0
57175.971923828125,555.0,633.0,-285.0,201222.0
57194.65478515625,556.0,626.0,-282.0,201225.0
57213.337646484375,557.0,617.0,-281.0,201226.0
57232.0205078125,558.0,603.0,-286.0,201221.0
57250.703369140625,559.0,585.0,-293.0,201214.0
57269.38623046875,560.0,566.0,-300.0,201207.0
57288.06884765625,561.0,548.0,-306.0,201201.0
57306.751708984375,562.0,535.0,-309.0,201198.0
57325.4345703125,563.0,524.0,-308.0,201199.0
57344.117431640625,564.0,518.0,-304.0,201203.0
57362.80029296875,565.0,515.0,-297.0,201210.0
57381.483154296875,566.0,513.0,-289.0,201218.0
57400.166015625,567.0,512.0,-281.0,201226.0
57418.848876953125,568.0,509.0,-273.0,201234.0
57437.531494140625,569.0,506.0,-266.0,201241.0
57456.21435546875,570.0,504.0,-261.0,201246.0
57474.897216796875,571.0,503.0,-256.0,201251.0
57493.580078125,572.0,501.0,-252.0,201255.0
57512.262939453125,573.0,496.0,-248.0,201259.0
57530.94580078125,574.0,489.0,-243.0,201264.0
57549.628662109375,575.0,482.0,-239.0,201268.0
57568.3115234375,576.0,476.0,-235.0,201272.0
57586.994384765625,577.0,472.0,-232.0,201275.0
57605.677001953125,578.0,467.0,-230.0,201277.0
57624.35986328125,579.0,463.0,-228.0,201279.0
57643.042724609375,580.0,459.0,-225.0,201282.0
57661.7255859375,581.0,455.0,-223.0,201284.0
57680.408447265625,582.0,453.0,-218.0,201289.0
57699.09130859375,583.0,451.0,-214.0,201293.0
57717.774169921875,584.0,449.0,-208.0,201299.0
57736.45703125,585.0,448.0,-203.0,201304.0
57755.1396484375,586.0,446.0,-199.0,201308.0
57773.822509765625,587.0,443.0,-195.0,201312.0
57792.50537109375,588.0,438.0,-192.0,201315.0
57811.188232421875,589.0,432.0,-188.0,201319.0
57829.87109375,590.0,427.0,-185.0,201322.0
57848.553955078125,591.0,423.0,-183.0,201324.0
57867.23681640625,592.0,416.0,-182.0,201325.0
57885.919677734375,593.0,406.0,-185.0,201322.0
57904.6025390625,594.0,392.0,-192.0,201315.0
57923.28515625,595.0,375.0,-201.0,201306.0
57941.968017578125,596.0,362.0,-210.0,201297.0
57960.65087890625,597.0,351.0,-215.0,201292.0
57979.333740234375,598.0,345.0,-215.0,201292.0
57998.0166015625,599.0,343.0,-210.0,201297.0
58016.699462890625,600.0,342.0,-205.0,201302.0
58035.38232421875,601.0,341.0,-198.0,201309.0
58054.065185546875,602.0,340.0,-191.0,201316.0
58072.747802734375,603.0,338.0,-185.0,201322.0
58091.4306640625,604.0,336.0,-179.0,201328.0
58110.113525390625,605.0,334.0,-175.0,201332.0
58128.79638671875,606.0,329.0,-173.0,201334.0
58147.479248046875,607.0,325.0,-171.0,201336.0
58166.162109375,608.0,320.0,-168.0,201339.0
58184.844970703125,609.0,317.0,-166.0,201341.0
58203.52783203125,610.0,316.0,-163.0,201344.0
58222.21044921875,611.0,317.0,-160.0,201347.0
58240.893310546875,612.0,317.0,-157.0,201350.0
58259.576171875,613.0,314.0,-156.0,201351.0
58278.259033203125,614.0,311.0,-154.0,201353.0
58296.94189453125,615.0,307.0,-152.0,201355.0
58315.624755859375,616.0,302.0,-151.0,201356.0
58334.3076171875,617.0,299.0,-148.0,201359.0
58352.990478515625,618.0,295.0,-144.0,201363.0
58371.67333984375,619.0,291.0,-140.0,201367.0
58390.35595703125,620.0,287.0,-136.0,201371.0
58409.038818359375,621.0,284.0,-132.0,201375.0
58427.7216796875,622.0,283.0,-130.0,201377.0
58446.404541015625,623.0,283.0,-127.0,201380.0
58465.08740234375,624.0,284.0,-125.0,201382.0
58483.770263671875,625.0,285.0,-122.0,201385.0
58502.453125,626.0,281.0,-120.0,201387.0
58521.135986328125,627.0,275.0,-120.0,201387.0
58539.818603515625,628.0,264.0,-126.0,201381.0
58558.50146484375,629.0,251.0,-133.0,201374.0
58577.184326171875,630.0,238.0,-143.0,201364.0
58595.8671875,631.0,226.0,-150.0,201357.0
58614.550048828125,632.0,216.0,-155.0,201352.0
58633.23291015625,633.0,211.0,-158.0,201349.0
58651.915771484375,634.0,209.0,-156.0,201351.0
58670.5986328125,635.0,213.0,-150.0,201357.0
58689.281494140625,636.0,221.0,-141.0,201366.0
58707.964111328125,637.0,228.0,-132.0,201375.0
58726.64697265625,638.0,233.0,-126.0,201381.0
58745.329833984375,639.0,237.0,-120.0,201387.0
58764.0126953125,640.0,237.0,-117.0,201390.0
58782.695556640625,641.0,234.0,-115.0,201392.0
58801.37841796875,642.0,230.0,-112.0,201395.0
58820.061279296875,643.0,226.0,-110.0,201397.0
58838.744140625,644.0,224.0,-106.0,201401.0
58857.4267578125,645.0,223.0,-102.0,201405.0
58876.109619140625,646.0,225.0,-99.0,201408.0
58894.79248046875,647.0,226.0,-97.0,201410.0
58913.475341796875,648.0,225.0,-96.0,201411.0
58932.158203125,649.0,223.0,-96.0,201411.0
58950.841064453125,650.0,221.0,-97.0,201410.0
58969.52392578125,651.0,219.0,-98.0,201409.0
58988.206787109375,652.0,215.0,-97.0,201410.0
59006.8896484375,653.0,213.0,-95.0,201412.0
59025.572265625,654.0,211.0,-92.0,201415.0
59044.255126953125,655.0,211.0,-89.0,201418.0
59062.93798828125,656.0,211.0,-86.0,201421.0
59081.620849609375,657.0,212.0,-83.0,201424.0
59100.3037109375,658.0,211.0,-80.0,201427.0
59118.986572265625,659.0,210.0,-76.0,201431.0
59137.66943359375,660.0,207.0,-74.0,201433.0
59156.352294921875,661.0,203.0,-75.0,201432.0
59175.034912109375,662.0,195.0,-80.0,201427.0
59193.7177734375,663.0,185.0,-89.0,201418.0
59212.400634765625,664.0,175.0,-97.0,201410.0
59231.08349609375,665.0,166.0,-103.0,201404.0
59249.766357421875,666.0,160.0,-107.0,201400.0
59268.44921875,667.0,158.0,-108.0,201399.0
59287.132080078125,668.0,159.0,-105.0,201402.0
59305.81494140625,669.0,162.0,-100.0,201407.0
59324.49755859375,670.0,165.0,-94.0,201413.0
59343.180419921875,671.0,167.0,-87.0,201420.0
59361.86328125,672.0,168.0,-82.0,201425.0
59380.546142578125,673.0,169.0,-78.0,201429.0
59399.22900390625,674.0,169.0,-75.0,201432.0
59417.911865234375,675.0,168.0,-72.0,201435.0
59436.5947265625,676.0,166.0,-69.0,201438.0
59455.277587890625,677.0,164.0,-67.0,201440.0
59473.96044921875,678.0,162.0,-64.0,201443.0
59492.64306640625,679.0,160.0,-62.0,201445.0
59511.325927734375,680.0,159.0,-60.0,201447.0
59530.0087890625,681.0,158.0,-60.0,201447.0
59548.691650390625,682.0,156.0,-59.0,201448.0
59567.37451171875,683.0,154.0,-58.0,201449.0
59586.057373046875,684.0,151.0,-57.0,201450.0
59604.740234375,685.0,149.0,-56.0,201451.0
59623.423095703125,686.0,148.0,-55.0,201452.0
59642.105712890625,687.0,149.0,-52.0,201455.0
59660.78857421875,688.0,149.0,-50.0,201457.0
59679.471435546875,689.0,149.0,-46.0,201461.0
59698.154296875,690.0,148.0,-43.0,201464.0
59716.837158203125,691.0,148.0,-39.0,201468.0
59735.52001953125,692.0,146.0,-38.0,201469.0
59754.202880859375,693.0,142.0,-38.0,201469.0
59772.8857421875,694.0,137.0,-41.0,201466.0
59791.568603515625,695.0,128.0,-48.0,201459.0
59810.251220703125,696.0,118.0,-59.0,201448.0
59828.93408203125,697.0,109.0,-69.0,201438.0
59847.616943359375,698.0,99.0,-77.0,201430.0
59866.2998046875,699.0,92.0,-80.0,201427.0
59884.982666015625,700.0,88.0,-80.0,201427.0
59903.66552734375,701.0,88.0,-77.0,201430.0
59922.348388671875,702.0,91.0,-73.0,201434.0
59941.03125,703.0,97.0,-68.0,201439.0
59959.7138671875,704.0,102.0,-63.0,201444.0
59978.396728515625,705.0,106.0,-57.0,201450.0
59997.07958984375,706.0,108.0,-53.0,201454.0
60015.762451171875,707.0,107.0,-50.0,201457.0
60034.4453125,708.0,106.0,-48.0,201459.0
60053.128173828125,709.0,108.0,-45.0,201462.0
60071.81103515625,710.0,111.0,-41.0,201466.0
60090.493896484375,711.0,116.0,-38.0,201469.0
60109.1767578125,712.0,119.0,-34.0,201473.0
60127.859375,713.0,121.0,-33.0,201474.0
60146.542236328125,714.0,120.0,-32.0,201475.0
60165.22509765625,715.0,117.0,-33.0,201474.0
60183.907958984375,716.0,114.0,-34.0,201473.0
60202.5908203125,717.0,110.0,-34.0,201473.0
60221.273681640625,718.0,109.0,-35.0,201472.0
60239.95654296875,719.0,109.0,-33.0,201474.0
60258.639404296875,720.0,108.0,-31.0,201476.0
60277.322021484375,721.0,107.0,-29.0,201478.0
60296.0048828125,722.0,107.0,-26.0,201481.0
60314.687744140625,723.0,107.0,-23.0,201484.0
60333.37060546875,724.0,107.0,-21.0,201486.0
60352.053466796875,725.0,105.0,-19.0,201488.0
60370.736328125,726.0,104.0,-18.0,201489.0
60389.419189453125,727.0,103.0,-18.0,201489.0
60408.10205078125,728.0,102.0,-20.0,201487.0
60426.78466796875,729.0,98.0,-25.0,201482.0
60445.467529296875,730.0,89.0,-34.0,201473.0
60464.150390625,731.0,80.0,-45.0,201462.0
60482.833251953125,732.0,71.0,-55.0,201452.0
60501.51611328125,733.0,65.0,-62.0,201445.0
60520.198974609375,734.0,63.0,-65.0,201442.0
60538.8818359375,735.0,63.0,-64.0,201443.0
60557.564697265625,736.0,66.0,-60.0,201447.0
60576.24755859375,737.0,69.0,-54.0,201453.0
60594.93017578125,738.0,70.0,-47.0,201460.0
60613.613037109375,739.0,72.0,-41.0,201466.0
60632.2958984375,740.0,77.0,-35.0,201472.0
60650.978759765625,741.0,82.0,-31.0,201476.0
60669.66162109375,742.0,86.0,-27.0,201480.0
60688.344482421875,743.0,89.0,-25.0,201482.0
60707.02734375,744.0,91.0,-24.0,201483.0
60725.710205078125,745.0,92.0,-23.0,201484.0
60744.392822265625,746.0,92.0,-22.0,201485.0
60763.07568359375,747.0,90.0,-22.0,201485.0
60781.758544921875,748.0,89.0,-22.0,201485.0
60800.44140625,749.0,86.0,-21.0,201486.0
60819.124267578125,750.0,84.0,-22.0,201485.0
60837.80712890625,751.0,83.0,-22.0,201485.0
60856.489990234375,752.0,83.0,-20.0,201487.0
60875.1728515625,753.0,82.0,-18.0,201489.0
60893.855712890625,754.0,81.0,-17.0,201490.0
60912.538330078125,755.0,79.0,-16.0,201491.0
60931.22119140625,756.0,78.0,-15.0,201492.0
60949.904052734375,757.0,75.0,-13.0,201494.0
60968.5869140625,758.0,72.0,-11.0,201496.0
60987.269775390625,759.0,71.0,-10.0,201497.0
61005.95263671875,760.0,72.0,-8.0,201499.0
61024.635498046875,761.0,74.0,-7.0,201500.0
61043.318359375,762.0,75.0,-6.0,201501.0
61062.0009765625,763.0,75.0,-5.0,201502.0
61080.683837890625,764.0,75.0,-4.0,201503.0
61099.36669921875,765.0,74.0,-4.0,201503.0
61118.049560546875,766.0,73.0,-7.0,201500.0
61136.732421875,767.0,67.0,-13.0,201494.0
61155.415283203125,768.0,59.0,-22.0,201485.0
61174.09814453125,769.0,48.0,-33.0,201474.0
61192.781005859375,770.0,37.0,-45.0,201462.0
61211.4638671875,771.0,27.0,-52.0,201455.0
61230.146484375,772.0,23.0,-57.0,201450.0
61248.829345703125,773.0,23.0,-56.0,201451.0
61267.51220703125,774.0,25.0,-53.0,201454.0
61286.195068359375,775.0,29.0,-49.0,201458.0
61304.8779296875,776.0,33.0,-43.0,201464.0
61323.560791015625,777.0,36.0,-37.0,201470.0
61342.24365234375,778.0,39.0,-31.0,201476.0
61360.926513671875,779.0,39.0,-28.0,201479.0
61379.609130859375,780.0,36.0,-27.0,201480.0
61398.2919921875,781.0,33.0,-28.0,201479.0
61416.974853515625,782.0,28.0,-30.0,201477.0
61435.65771484375,783.0,26.0,-30.0,201477.0
61454.340576171875,784.0,25.0,-31.0,201476.0
61473.0234375,785.0,25.0,-30.0,201477.0
61491.706298828125,786.0,27.0,-29.0,201478.0
61510.38916015625,787.0,29.0,-27.0,201480.0
61529.07177734375,788.0,31.0,-27.0,201480.0
61547.754638671875,789.0,33.0,-25.0,201482.0
61566.4375,790.0,36.0,-22.0,201485.0
61585.120361328125,791.0,37.0,-19.0,201488.0
61603.80322265625,792.0,39.0,-16.0,201491.0
61622.486083984375,793.0,39.0,-12.0,201495.0
61641.1689453125,794.0,40.0,-9.0,201498.0
61659.851806640625,795.0,42.0,-7.0,201500.0
61678.53466796875,796.0,45.0,-6.0,201501.0
61697.21728515625,797.0,46.0,-6.0,201501.0
61715.900146484375,798.0,48.0,-5.0,201502.0
61734.5830078125,799.0,48.0,-3.0,201504.0
61753.265869140625,800.0,51.0,0.0,201507.0
61771.94873046875,801.0,55.0,1.0,201508.0
61790.631591796875,802.0,59.0,1.0,201508.0
61809.314453125,803.0,56.0,-5.0,201502.0
61827.997314453125,804.0,49.0,-14.0,201493.0
61846.679931640625,805.0,41.0,-24.0,201483.0
61865.36279296875,806.0,32.0,-33.0,201474.0
61884.045654296875,807.0,27.0,-39.0,201468.0
61902.728515625,808.0,25.0,-41.0,201466.0
61921.411376953125,809.0,26.0,-40.0,201467.0
61940.09423828125,810.0,30.0,-35.0,201472.0
61958.777099609375,811.0,35.0,-30.0,201477.0
61977.4599609375,812.0,40.0,-25.0,201482.0
61996.142822265625,813.0,44.0,-20.0,201487.0
62014.825439453125,814.0,45.0,-16.0,201491.0
62033.50830078125,815.0,46.0,-13.0,201494.0
62052.191162109375,816.0,44.0,-11.0,201496.0
62070.8740234375,817.0,44.0,-10.0,201497.0
62089.556884765625,818.0,44.0,-10.0,201497.0
62108.23974609375,819.0,47.0,-8.0,201499.0
62126.922607421875,820.0,49.0,-7.0,201500.0
62145.60546875,821.0,49.0,-6.0,201501.0
62164.2880859375,822.0,48.0,-5.0,201502.0
62182.970947265625,823.0,46.0,-5.0,201502.0
62201.65380859375,824.0,46.0,-5.0,201502.0
62220.336669921875,825.0,48.0,-4.0,201503.0
62239.01953125,826.0,53.0,-2.0,201505.0
62257.702392578125,827.0,57.0,1.0,201508.0
62276.38525390625,828.0,61.0,5.0,201512.0
62295.068115234375,829.0,66.0,8.0,201515.0
62313.7509765625,830.0,69.0,11.0,201518.0
62332.43359375,831.0,71.0,14.0,201521.0
62351.116455078125,832.0,71.0,17.0,201524.0
62369.79931640625,833.0,71.0,19.0,201526.0
62388.482177734375,834.0,69.0,18.0,201525.0
62407.1650390625,835.0,66.0,18.0,201525.0
62425.847900390625,836.0,61.0,13.0,201520.0
62444.53076171875,837.0,52.0,5.0,201512.0
62463.213623046875,838.0,42.0,-7.0,201500.0
62481.896240234375,839.0,30.0,-18.0,201489.0
62500.5791015625,840.0,21.0,-27.0,201480.0
62519.261962890625,841.0,15.0,-32.0,201475.0
62537.94482421875,842.0,12.0,-34.0,201473.0
62556.627685546875,843.0,10.0,-34.0,201473.0
62575.310546875,844.0,13.0,-31.0,201476.0
62593.993408203125,845.0,17.0,-27.0,201480.0
62612.67626953125,846.0,22.0,-23.0,201484.0
62631.35888671875,847.0,26.0,-19.0,201488.0
62650.041748046875,848.0,27.0,-15.0,201492.0
62668.724609375,849.0,27.0,-12.0,201495.0
62687.407470703125,850.0,28.0,-10.0,201497.0
62706.09033203125,851.0,29.0,-9.0,201498.0
62724.773193359375,852.0,30.0,-8.0,201499.0
62743.4560546875,853.0,33.0,-6.0,201501.0
62762.138916015625,854.0,35.0,-4.0,201503.0
62780.82177734375,855.0,37.0,-2.0,201505.0
62799.50439453125,856.0,38.0,0.0,201507.0
62818.187255859375,857.0,38.0,0.0,201507.0
62836.8701171875,858.0,39.0,0.0,201507.0
62855.552978515625,859.0,40.0,1.0,201508.0
62874.23583984375,860.0,42.0,3.0,201510.0
62892.918701171875,861.0,43.0,4.0,201511.0
62911.6015625,862.0,43.0,5.0,201512.0
62930.284423828125,863.0,39.0,6.0,201513.0
62948.967041015625,864.0,36.0,7.0,201514.0
62967.64990234375,865.0,33.0,8.0,201515.0
62986.332763671875,866.0,33.0,8.0,201515.0
63005.015625,867.0,33.0,9.0,201516.0
63023.698486328125,868.0,33.0,8.0,201515.0
63042.38134765625,869.0,33.0,6.0,201513.0
63061.064208984375,870.0,32.0,3.0,201510.0
63079.7470703125,871.0,27.0,-3.0,201504.0
63098.429931640625,872.0,19.0,-13.0,201494.0
63117.112548828125,873.0,10.0,-24.0,201483.0
63135.79541015625,874.0,2.0,-34.0,201473.0
63154.478271484375,875.0,-3.0,-40.0,201467.0
63173.1611328125,876.0,-4.0,-43.0,201464.0
63191.843994140625,877.0,-2.0,-41.0,201466.0
63210.52685546875,878.0,2.0,-38.0,201469.0
63229.209716796875,879.0,6.0,-32.0,201475.0
63247.892578125,880.0,9.0,-27.0,201480.0
63266.5751953125,881.0,12.0,-23.0,201484.0
63285.258056640625,882.0,13.0,-18.0,201489.0
63303.94091796875,883.0,16.0,-15.0,201492.0
63322.623779296875,884.0,18.0,-13.0,201494.0
63341.306640625,885.0,19.0,-11.0,201496.0
63359.989501953125,886.0,22.0,-11.0,201496.0
63378.67236328125,887.0,23.0,-10.0,201497.0
63397.355224609375,888.0,27.0,-7.0,201500.0
63416.0380859375,889.0,31.0,-5.0,201502.0
63434.720703125,890.0,36.0,-2.0,201505.0
63453.403564453125,891.0,42.0,1.0,201508.0
63472.08642578125,892.0,46.0,5.0,201512.0
63490.769287109375,893.0,49.0,8.0,201515.0
63509.4521484375,894.0,50.0,10.0,201517.0
63528.135009765625,895.0,52.0,12.0,201519.0
63546.81787109375,896.0,53.0,13.0,201520.0
63565.500732421875,897.0,56.0,15.0,201522.0
63584.183349609375,898.0,58.0,17.0,201524.0
63602.8662109375,899.0,58.0,18.0,201525.0
63621.549072265625,900.0,59.0,18.0,201525.0
63640.23193359375,901.0,59.0,17.0,201524.0
63658.914794921875,902.0,58.0,17.0,201524.0
63677.59765625,903.0,58.0,17.0,201524.0
63696.280517578125,904.0,56.0,17.0,201524.0
63714.96337890625,905.0,54.0,17.0,201524.0
63733.64599609375,906.0,52.0,15.0,201522.0
63752.328857421875,907.0,49.0,12.0,201519.0
63771.01171875,908.0,42.0,4.0,201511.0
63789.694580078125,909.0,34.0,-7.0,201500.0
63808.37744140625,910.0,25.0,-17.0,201490.0
63827.060302734375,911.0,17.0,-25.0,201482.0
63845.7431640625,912.0,13.0,-29.0,201478.0
63864.426025390625,913.0,13.0,-31.0,201476.0
63883.10888671875,914.0,14.0,-28.0,201479.0
63901.79150390625,915.0,16.0,-23.0,201484.0
63920.474365234375,916.0,19.0,-17.0,201490.0
63939.1572265625,917.0,24.0,-12.0,201495.0
63957.840087890625,918.0,28.0,-7.0,201500.0
63976.52294921875,919.0,32.0,-4.0,201503.0
63995.205810546875,920.0,32.0,-4.0,201503.0
64013.888671875,921.0,31.0,-3.0,201504.0
64032.571533203125,922.0,31.0,-3.0,201504.0
64051.254150390625,923.0,29.0,-4.0,201503.0
64069.93701171875,924.0,29.0,-4.0,201503.0
64088.619873046875,925.0,29.0,-3.0,201504.0
64107.302734375,926.0,31.0,-1.0,201506.0
64125.985595703125,927.0,32.0,1.0,201508.0
64144.66845703125,928.0,31.0,2.0,201509.0
64163.351318359375,929.0,29.0,4.0,201511.0
64182.0341796875,930.0,27.0,5.0,201512.0
64200.717041015625,931.0,25.0,6.0,201513.0
64219.399658203125,932.0,27.0,7.0,201514.0
64238.08251953125,933.0,29.0,9.0,201516.0
64256.765380859375,934.0,30.0,8.0,201515.0
64275.4482421875,935.0,29.0,8.0,201515.0
64294.131103515625,936.0,27.0,8.0,201515.0
64312.81396484375,937.0,24.0,8.0,201515.0
64331.496826171875,938.0,21.0,8.0,201515.0
64350.1796875,939.0,18.0,7.0,201514.0
64368.8623046875,940.0,17.0,7.0,201514.0
64387.545166015625,941.0,18.0,7.0,201514.0
64406.22802734375,942.0,21.0,9.0,201516.0
64424.910888671875,943.0,27.0,10.0,201517.0
64443.59375,944.0,32.0,9.0,201516.0
64462.276611328125,945.0,35.0,4.0,201511.0
64480.95947265625,946.0,31.0,-3.0,201504.0
64499.642333984375,947.0,24.0,-13.0,201494.0
64518.3251953125,948.0,14.0,-21.0,201486.0
64537.0078125,949.0,6.0,-27.0,201480.0
64555.690673828125,950.0,2.0,-30.0,201477.0
64574.37353515625,951.0,0.0,-29.0,201478.0
64593.056396484375,952.0,1.0,-27.0,201480.0
64611.7392578125,953.0,2.0,-24.0,201483.0
64630.422119140625,954.0,5.0,-19.0,201488.0
64649.10498046875,955.0,9.0,-16.0,201491.0
64667.787841796875,956.0,13.0,-13.0,201494.0
64686.470458984375,957.0,16.0,-12.0,201495.0
64705.1533203125,958.0,19.0,-11.0,201496.0
64723.836181640625,959.0,20.0,-9.0,201498.0
64742.51904296875,960.0,20.0,-7.0,201500.0
64761.201904296875,961.0,19.0,-4.0,201503.0
64779.884765625,962.0,19.0,-1.0,201506.0
64798.567626953125,963.0,21.0,2.0,201509.0
64817.25048828125,964.0,23.0,4.0,201511.0
64835.93310546875,965.0,26.0,5.0,201512.0
64854.615966796875,966.0,28.0,6.0,201513.0
64873.298828125,967.0,28.0,6.0,201513.0
64891.981689453125,968.0,29.0,7.0,201514.0
64910.66455078125,969.0,29.0,9.0,201516.0
64929.347412109375,970.0,29.0,11.0,201518.0
64948.0302734375,971.0,31.0,12.0,201519.0
64966.713134765625,972.0,33.0,14.0,201521.0
64985.39599609375,973.0,33.0,15.0,201522.0
65004.07861328125,974.0,34.0,16.0,201523.0
65022.761474609375,975.0,35.0,15.0,201522.0
65041.4443359375,976.0,34.0,15.0,201522.0
65060.127197265625,977.0,36.0,16.0,201523.0
65078.81005859375,978.0,37.0,17.0,201524.0
65097.492919921875,979.0,38.0,16.0,201523.0
65116.17578125,980.0,36.0,12.0,201519.0
65134.858642578125,981.0,30.0,2.0,201509.0
65153.541259765625,982.0,20.0,-9.0,201498.0
65172.22412109375,983.0,9.0,-19.0,201488.0
65190.906982421875,984.0,-3.0,-27.0,201480.0
65209.58984375,985.0,-11.0,-31.0,201476.0
65228.272705078125,986.0,-13.0,-31.0,201476.0
65246.95556640625,987.0,-12.0,-27.0,201480.0
65265.638427734375,988.0,-7.0,-23.0,201484.0
65284.3212890625,989.0,-2.0,-17.0,201490.0
65303.004150390625,990.0,4.0,-11.0,201496.0
65321.686767578125,991.0,9.0,-7.0,201500.0
65340.36962890625,992.0,13.0,-4.0,201503.0
65359.052490234375,993.0,15.0,-2.0,201505.0
65377.7353515625,994.0,16.0,0.0,201507.0
65396.418212890625,995.0,15.0,2.0,201509.0
65415.10107421875,996.0,15.0,3.0,201510.0
65433.783935546875,997.0,15.0,5.0,201512.0
65452.466796875,998.0,15.0,6.0,201513.0
65471.1494140625,999.0,16.0,7.0,201514.0
65489.832275390625,1000.0,18.0,8.0,201515.0
65508.51513671875,1001.0,19.0,8.0,201515.0
65527.197998046875,1002.0,22.0,9.0,201516.0
65545.880859375,1003.0,24.0,10.0,201517.0
65564.56372070312,1004.0,27.0,13.0,201520.0
65583.24658203125,1005.0,28.0,15.0,201522.0
65601.92944335938,1006.0,29.0,17.0,201524.0
65620.6123046875,1007.0,30.0,19.0,201526.0
65639.294921875,1008.0,30.0,21.0,201528.0
65657.97778320312,1009.0,31.0,21.0,201528.0
65676.66064453125,1010.0,32.0,21.0,201528.0
65695.34350585938,1011.0,32.0,20.0,201527.0
65714.0263671875,1012.0,33.0,19.0,201526.0
65732.70922851562,1013.0,34.0,18.0,201525.0
65751.39208984375,1014.0,33.0,16.0,201523.0
65770.07495117188,1015.0,29.0,12.0,201519.0
65788.75756835938,1016.0,19.0,3.0,201510.0
65807.4404296875,1017.0,9.0,-7.0,201500.0
65826.12329101562,1018.0,0.0,-15.0,201492.0
65844.80615234375,1019.0,-5.0,-19.0,201488.0
65863.48901367188,1020.0,-7.0,-20.0,201487.0
65882.171875,1021.0,-5.0,-17.0,201490.0
65900.85473632812,1022.0,0.0,-13.0,201494.0
65919.53759765625,1023.0,5.0,-8.0,201499.0
65938.22021484375,1024.0,8.0,-4.0,201503.0
65956.90307617188,1025.0,10.0,0.0,201507.0
65975.5859375,1026.0,11.0,2.0,201509.0
65994.26879882812,1027.0,11.0,2.0,201509.0
66012.95166015625,1028.0,12.0,1.0,201508.0
66031.63452148438,1029.0,12.0,0.0,201507.0
66050.3173828125,1030.0,11.0,0.0,201507.0
66069.00024414062,1031.0,10.0,0.0,201507.0
66087.68310546875,1032.0,11.0,3.0,201510.0
66106.36572265625,1033.0,13.0,6.0,201513.0
66125.04858398438,1034.0,16.0,9.0,201516.0
66143.7314453125,1035.0,19.0,11.0,201518.0
66162.41430664062,1036.0,21.0,12.0,201519.0
66181.09716796875,1037.0,22.0,12.0,201519.0
66199.78002929688,1038.0,24.0,11.0,201518.0
66218.462890625,1039.0,27.0,12.0,201519.0
66237.14575195312,1040.0,30.0,14.0,201521.0
66255.82836914062,1041.0,33.0,18.0,201525.0
66274.51123046875,1042.0,37.0,21.0,201528.0
66293.19409179688,1043.0,38.0,24.0,201531.0
66311.876953125,1044.0,39.0,25.0,201532.0
66330.55981445312,1045.0,38.0,25.0,201532.0
66349.24267578125,1046.0,37.0,24.0,201531.0
66367.92553710938,1047.0,37.0,22.0,201529.0
66386.6083984375,1048.0,37.0,22.0,201529.0
66405.29125976562,1049.0,37.0,23.0,201530.0
66423.97387695312,1050.0,37.0,23.0,201530.0
66442.65673828125,1051.0,38.0,21.0,201528.0
66461.33959960938,1052.0,33.0,17.0,201524.0
66480.0224609375,1053.0,26.0,8.0,201515.0
66498.70532226562,1054.0,16.0,-5.0,201502.0
66517.38818359375,1055.0,7.0,-16.0,201491.0
66536.07104492188,1056.0,0.0,-24.0,201483.0
66554.75390625,1057.0,-3.0,-28.0,201479.0
66573.4365234375,1058.0,0.0,-26.0,201481.0
66592.11938476562,1059.0,5.0,-22.0,201485.0
66610.80224609375,1060.0,9.0,-17.0,201490.0
66629.48510742188,1061.0,14.0,-11.0,201496.0
66648.16796875,1062.0,19.0,-6.0,201501.0
66666.85083007812,1063.0,22.0,-1.0,201506.0
66685.53369140625,1064.0,26.0,2.0,201509.0
66704.21655273438,1065.0,27.0,3.0,201510.0
66722.8994140625,1066.0,29.0,2.0,201509.0
66741.58203125,1067.0,34.0,-1.0,201506.0
66760.26489257812,1068.0,39.0,-5.0,201502.0
66778.94775390625,1069.0,44.0,-8.0,201499.0
66797.63061523438,1070.0,45.0,-9.0,201498.0
66816.3134765625,1071.0,45.0,-8.0,201499.0
66834.99633789062,1072.0,44.0,-6.0,201501.0
66853.67919921875,1073.0,45.0,-2.0,201505.0
66872.36206054688,1074.0,46.0,1.0,201508.0
66891.04467773438,1075.0,48.0,3.0,201510.0
66909.7275390625,1076.0,47.0,7.0,201514.0
66928.41040039062,1077.0,45.0,11.0,201518.0
66947.09326171875,1078.0,43.0,16.0,201523.0
66965.77612304688,1079.0,42.0,20.0,201527.0
66984.458984375,1080.0,40.0,22.0,201529.0
67003.14184570312,1081.0,39.0,22.0,201529.0
67021.82470703125,1082.0,38.0,22.0,201529.0
67040.50732421875,1083.0,39.0,22.0,201529.0
67059.19018554688,1084.0,40.0,22.0,201529.0
67077.873046875,1085.0,42.0,22.0,201529.0
67096.55590820312,1086.0,40.0,22.0,201529.0
67115.23876953125,1087.0,39.0,22.0,201529.0
67133.92163085938,1088.0,35.0,21.0,201528.0
67152.6044921875,1089.0,29.0,15.0,201522.0
67171.28735351562,1090.0,19.0,5.0,201512.0
67189.97021484375,1091.0,8.0,-6.0,201501.0
67208.65283203125,1092.0,-3.0,-17.0,201490.0
67227.33569335938,1093.0,-8.0,-26.0,201481.0
67246.0185546875,1094.0,-11.0,-29.0,201478.0
67264.70141601562,1095.0,-10.0,-29.0,201478.0
67283.38427734375,1096.0,-6.0,-27.0,201480.0
67302.06713867188,1097.0,-1.0,-22.0,201485.0
67320.75,1098.0,3.0,-18.0,201489.0
67339.43286132812,1099.0,6.0,-15.0,201492.0
67358.11547851562,1100.0,4.0,-14.0,201493.0
67376.79833984375,1101.0,3.0,-12.0,201495.0
67395.48120117188,1102.0,4.0,-11.0,201496.0
67414.1640625,1103.0,7.0,-10.0,201497.0
67432.84692382812,1104.0,11.0,-8.0,201499.0
67451.52978515625,1105.0,13.0,-6.0,201501.0
67470.21264648438,1106.0,14.0,-4.0,201503.0
67488.8955078125,1107.0,16.0,-1.0,201506.0
67507.57836914062,1108.0,18.0,1.0,201508.0
67526.26098632812,1109.0,18.0,2.0,201509.0
67544.94384765625,1110.0,16.0,2.0,201509.0
67563.62670898438,1111.0,13.0,2.0,201509.0
67582.3095703125,1112.0,8.0,2.0,201509.0
67600.99243164062,1113.0,5.0,0.0,201507.0
67619.67529296875,1114.0,2.0,-1.0,201506.0
67638.35815429688,1115.0,-1.0,-2.0,201505.0
67657.041015625,1116.0,-3.0,-1.0,201506.0
67675.7236328125,1117.0,-4.0,0.0,201507.0
67694.40649414062,1118.0,-2.0,1.0,201508.0
67713.08935546875,1119.0,1.0,2.0,201509.0
67731.77221679688,1120.0,3.0,3.0,201510.0
67750.455078125,1121.0,5.0,3.0,201510.0
67769.13793945312,1122.0,6.0,4.0,201511.0
67787.82080078125,1123.0,6.0,4.0,201511.0
67806.50366210938,1124.0,2.0,1.0,201508.0
67825.1865234375,1125.0,-5.0,-6.0,201501.0
67843.869140625,1126.0,-16.0,-15.0,201492.0
67862.55200195312,1127.0,-29.0,-25.0,201482.0
67881.23486328125,1128.0,-40.0,-33.0,201474.0
67899.91772460938,1129.0,-50.0,-39.0,201468.0
67918.6005859375,1130.0,-53.0,-41.0,201466.0
67937.28344726562,1131.0,-54.0,-39.0,201468.0
67955.96630859375,1132.0,-49.0,-35.0,201472.0
67974.64916992188,1133.0,-42.0,-30.0,201477.0
67993.33178710938,1134.0,-32.0,-23.0,201484.0
68012.0146484375,1135.0,-21.0,-17.0,201490.0
68030.69750976562,1136.0,-9.0,-11.0,201496.0
68049.38037109375,1137.0,-2.0,-9.0,201498.0
68068.06323242188,1138.0,2.0,-7.0,201500.0
68086.74609375,1139.0,4.0,-7.0,201500.0
68105.42895507812,1140.0,3.0,-6.0,201501.0
68124.11181640625,1141.0,2.0,-5.0,201502.0
68142.79443359375,1142.0,1.0,-3.0,201504.0
68161.47729492188,1143.0,3.0,-1.0,201506.0
68180.16015625,1144.0,6.0,1.0,201508.0
68198.84301757812,1145.0,9.0,2.0,201509.0
68217.52587890625,1146.0,12.0,4.0,201511.0
68236.20874023438,1147.0,14.0,4.0,201511.0
68254.8916015625,1148.0,19.0,5.0,201512.0
68273.57446289062,1149.0,25.0,6.0,201513.0
68292.25732421875,1150.0,30.0,8.0,201515.0
68310.93994140625,1151.0,33.0,9.0,201516.0
68329.62280273438,1152.0,34.0,11.0,201518.0
68348.3056640625,1153.0,32.0,12.0,201519.0
68366.98852539062,1154.0,27.0,14.0,201521.0
68385.67138671875,1155.0,25.0,14.0,201521.0
68404.35424804688,1156.0,24.0,15.0,201522.0
68423.037109375,1157.0,23.0,15.0,201522.0
68441.71997070312,1158.0,19.0,11.0,201518.0
68460.40258789062,1159.0,12.0,2.0,201509.0
68479.08544921875,1160.0,4.0,-10.0,201497.0
68497.76831054688,1161.0,-4.0,-21.0,201486.0
68516.451171875,1162.0,-11.0,-29.0,201478.0
68535.13403320312,1163.0,-16.0,-33.0,201474.0
68553.81689453125,1164.0,-18.0,-33.0,201474.0
68572.49975585938,1165.0,-17.0,-31.0,201476.0
68591.1826171875,1166.0,-11.0,-27.0,201480.0
68609.86547851562,1167.0,-5.0,-23.0,201484.0
68628.54809570312,1168.0,0.0,-20.0,201487.0
68647.23095703125,1169.0,3.0,-17.0,201490.0
68665.91381835938,1170.0,5.0,-16.0,201491.0
68684.5966796875,1171.0,6.0,-16.0,201491.0
68703.27954101562,1172.0,6.0,-16.0,201491.0
68721.96240234375,1173.0,6.0,-15.0,201492.0
68740.64526367188,1174.0,7.0,-12.0,201495.0
68759.328125,1175.0,10.0,-7.0,201500.0
68778.0107421875,1176.0,15.0,-3.0,201504.0
68796.69360351562,1177.0,20.0,1.0,201508.0
68815.37646484375,1178.0,23.0,5.0,201512.0
68834.05932617188,1179.0,25.0,7.0,201514.0
68852.7421875,1180.0,25.0,9.0,201516.0
68871.42504882812,1181.0,25.0,9.0,201516.0
68890.10791015625,1182.0,26.0,9.0,201516.0
68908.79077148438,1183.0,24.0,10.0,201517.0
68927.4736328125,1184.0,24.0,11.0,201518.0
68946.15625,1185.0,24.0,12.0,201519.0
68964.83911132812,1186.0,24.0,13.0,201520.0
68983.52197265625,1187.0,25.0,15.0,201522.0
69002.20483398438,1188.0,27.0,17.0,201524.0
69020.8876953125,1189.0,29.0,18.0,201525.0
69039.57055664062,1190.0,29.0,18.0,201525.0
69058.25341796875,1191.0,28.0,14.0,201521.0
69076.93627929688,1192.0,22.0,6.0,201513.0
69095.61889648438,1193.0,12.0,-5.0,201502.0
69114.3017578125,1194.0,-1.0,-16.0,201491.0
69132.98461914062,1195.0,-13.0,-27.0,201480.0
69151.66748046875,1196.0,-21.0,-34.0,201473.0
69170.35034179688,1197.0,-26.0,-36.0,201471.0
69189.033203125,1198.0,-28.0,-36.0,201471.0
69207.71606445312,1199.0,-27.0,-32.0,201475.0
69226.39892578125,1200.0,-23.0,-27.0,201480.0
69245.08154296875,1201.0,-19.0,-21.0,201486.0
69263.76440429688,1202.0,-16.0,-16.0,201491.0
69282.447265625,1203.0,-15.0,-13.0,201494.0
69301.13012695312,1204.0,-13.0,-11.0,201496.0
69319.81298828125,1205.0,-13.0,-11.0,201496.0
69338.49584960938,1206.0,-13.0,-11.0,201496.0
69357.1787109375,1207.0,-10.0,-11.0,201496.0
69375.86157226562,1208.0,-4.0,-9.0,201498.0
69394.54443359375,1209.0,4.0,-5.0,201502.0
69413.22705078125,1210.0,14.0,0.0,201507.0
69431.90991210938,1211.0,23.0,3.0,201510.0
69450.5927734375,1212.0,28.0,6.0,201513.0
69469.27563476562,1213.0,29.0,7.0,201514.0
69487.95849609375,1214.0,31.0,7.0,201514.0
69506.64135742188,1215.0,33.0,9.0,201516.0
69525.32421875,1216.0,33.0,11.0,201518.0
69544.00708007812,1217.0,32.0,13.0,201520.0
69562.68969726562,1218.0,30.0,15.0,201522.0
69581.37255859375,1219.0,28.0,17.0,201524.0
69600.05541992188,1220.0,29.0,18.0,201525.0
69618.73828125,1221.0,30.0,18.0,201525.0
69637.42114257812,1222.0,30.0,18.0,201525.0
69656.10400390625,1223.0,32.0,19.0,201526.0
69674.78686523438,1224.0,31.0,17.0,201524.0
69693.4697265625,1225.0,25.0,13.0,201520.0
69712.15258789062,1226.0,17.0,4.0,201511.0
69730.83520507812,1227.0,7.0,-5.0,201502.0
69749.51806640625,1228.0,-3.0,-15.0,201492.0
69768.20092773438,1229.0,-11.0,-22.0,201485.0
69786.8837890625,1230.0,-15.0,-27.0,201480.0
69805.56665039062,1231.0,-15.0,-29.0,201478.0
69824.24951171875,1232.0,-12.0,-26.0,201481.0
69842.93237304688,1233.0,-9.0,-23.0,201484.0
69861.615234375,1234.0,-4.0,-18.0,201489.0
69880.2978515625,1235.0,0.0,-13.0,201494.0
69898.98071289062,1236.0,3.0,-8.0,201499.0
69917.66357421875,1237.0,5.0,-4.0,201503.0
69936.34643554688,1238.0,5.0,-2.0,201505.0
69955.029296875,1239.0,6.0,-1.0,201506.0
69973.71215820312,1240.0,8.0,-1.0,201506.0
69992.39501953125,1241.0,11.0,0.0,201507.0
70011.07788085938,1242.0,14.0,1.0,201508.0
70029.76049804688,1243.0,16.0,4.0,201511.0
70048.443359375,1244.0,17.0,7.0,201514.0
70067.12622070312,1245.0,18.0,10.0,201517.0
70085.80908203125,1246.0,16.0,12.0,201519.0
70104.49194335938,1247.0,15.0,12.0,201519.0
70123.1748046875,1248.0,14.0,13.0,201520.0
70141.85766601562,1249.0,16.0,15.0,201522.0
70160.54052734375,1250.0,19.0,17.0,201524.0
70179.22338867188,1251.0,22.0,19.0,201526.0
70197.90600585938,1252.0,25.0,20.0,201527.0
70216.5888671875,1253.0,28.0,19.0,201526.0
70235.27172851562,1254.0,29.0,19.0,201526.0
70253.95458984375,1255.0,28.0,18.0,201525.0
70272.63745117188,1256.0,26.0,17.0,201524.0
70291.3203125,1257.0,22.0,14.0,201521.0
70310.00317382812,1258.0,18.0,11.0,201518.0
70328.68603515625,1259.0,16.0,8.0,201515.0
70347.36865234375,1260.0,13.0,3.0,201510.0
70366.05151367188,1261.0,7.0,-4.0,201503.0
70384.734375,1262.0,0.0,-14.0,201493.0
70403.41723632812,1263.0,-8.0,-24.0,201483.0
70422.10009765625,1264.0,-14.0,-31.0,201476.0
70440.78295898438,1265.0,-16.0,-34.0,201473.0
70459.4658203125,1266.0,-15.0,-35.0,201472.0
70478.14868164062,1267.0,-12.0,-32.0,201475.0
70496.83154296875,1268.0,-6.0,-28.0,201479.0
70515.51416015625,1269.0,-2.0,-24.0,201483.0
70534.19702148438,1270.0,0.0,-19.0,201488.0
70552.8798828125,1271.0,2.0,-16.0,201491.0
70571.56274414062,1272.0,3.0,-14.0,201493.0
70590.24560546875,1273.0,4.0,-14.0,201493.0
70608.92846679688,1274.0,4.0,-13.0,201494.0
70627.611328125,1275.0,5.0,-13.0,201494.0
70646.29418945312,1276.0,5.0,-14.0,201493.0
70664.97680664062,1277.0,5.0,-14.0,201493.0
70683.65966796875,1278.0,6.0,-16.0,201491.0
70702.34252929688,1279.0,8.0,-17.0,201490.0
70721.025390625,1280.0,10.0,-15.0,201492.0
70739.70825195312,1281.0,11.0,-14.0,201493.0
70758.39111328125,1282.0,11.0,-12.0,201495.0
70777.07397460938,1283.0,10.0,-9.0,201498.0
70795.7568359375,1284.0,9.0,-6.0,201501.0
70814.43969726562,1285.0,8.0,-2.0,201505.0
70833.12231445312,1286.0,8.0,3.0,201510.0
70851.80517578125,1287.0,10.0,6.0,201513.0
70870.48803710938,1288.0,11.0,9.0,201516.0
70889.1708984375,1289.0,12.0,10.0,201517.0
70907.85375976562,1290.0,13.0,12.0,201519.0
70926.53662109375,1291.0,13.0,13.0,201520.0
70945.21948242188,1292.0,12.0,14.0,201521.0
70963.90234375,1293.0,12.0,14.0,201521.0
70982.5849609375,1294.0,12.0,11.0,201518.0
71001.26782226562,1295.0,7.0,5.0,201512.0
71019.95068359375,1296.0,-2.0,-5.0,201502.0
71038.63354492188,1297.0,-12.0,-16.0,201491.0
71057.31640625,1298.0,-21.0,-25.0,201482.0
71075.99926757812,1299.0,-27.0,-31.0,201476.0
71094.68212890625,1300.0,-29.0,-33.0,201474.0
71113.36499023438,1301.0,-26.0,-31.0,201476.0
71132.04760742188,1302.0,-20.0,-26.0,201481.0
71150.73046875,1303.0,-15.0,-22.0,201485.0
71169.41333007812,1304.0,-11.0,-18.0,201489.0
71188.09619140625,1305.0,-8.0,-14.0,201493.0
71206.77905273438,1306.0,-7.0,-11.0,201496.0
71225.4619140625,1307.0,-4.0,-10.0,201497.0
71244.14477539062,1308.0,-2.0,-8.0,201499.0
71262.82763671875,1309.0,0.0,-7.0,201500.0
71281.51049804688,1310.0,1.0,-4.0,201503.0
71300.19311523438,1311.0,3.0,-2.0,201505.0
71318.8759765625,1312.0,6.0,2.0,201509.0
71337.55883789062,1313.0,8.0,6.0,201513.0
71356.24169921875,1314.0,10.0,9.0,201516.0
71374.92456054688,1315.0,10.0,9.0,201516.0
71393.607421875,1316.0,8.0,9.0,201516.0
71412.29028320312,1317.0,6.0,8.0,201515.0
71430.97314453125,1318.0,5.0,8.0,201515.0
71449.65576171875,1319.0,6.0,9.0,201516.0
71468.33862304688,1320.0,8.0,12.0,201519.0
71487.021484375,1321.0,11.0,14.0,201521.0
71505.70434570312,1322.0,15.0,14.0,201521.0
71524.38720703125,1323.0,20.0,15.0,201522.0
71543.07006835938,1324.0,22.0,16.0,201523.0
71561.7529296875,1325.0,24.0,16.0,201523.0
71580.43579101562,1326.0,25.0,17.0,201524.0
71599.11865234375,1327.0,25.0,15.0,201522.0
71617.80126953125,1328.0,18.0,10.0,201517.0
71636.48413085938,1329.0,9.0,1.0,201508.0
71655.1669921875,1330.0,-1.0,-10.0,201497.0
71673.84985351562,1331.0,-9.0,-20.0,201487.0
71692.53271484375,1332.0,-13.0,-26.0,201481.0
71711.21557617188,1333.0,-15.0,-29.0,201478.0
71729.8984375,1334.0,-14.0,-29.0,201478.0
71748.58129882812,1335.0,-10.0,-25.0,201482.0
71767.26391601562,1336.0,-5.0,-23.0,201484.0
71785.94677734375,1337.0,4.0,-23.0,201484.0
71804.62963867188,1338.0,15.0,-23.0,201484.0
71823.3125,1339.0,25.0,-21.0,201486.0
71841.99536132812,1340.0,33.0,-21.0,201486.0
71860.67822265625,1341.0,39.0,-21.0,201486.0
71879.36108398438,1342.0,42.0,-20.0,201487.0
71898.0439453125,1343.0,44.0,-17.0,201490.0
71916.72680664062,1344.0,42.0,-13.0,201494.0
71935.40942382812,1345.0,40.0,-8.0,201499.0
71954.09228515625,1346.0,37.0,-3.0,201504.0
71972.77514648438,1347.0,35.0,1.0,201508.0
71991.4580078125,1348.0,34.0,3.0,201510.0
72010.14086914062,1349.0,32.0,4.0,201511.0
72028.82373046875,1350.0,31.0,5.0,201512.0
72047.50659179688,1351.0,31.0,6.0,201513.0
72066.189453125,1352.0,29.0,8.0,201515.0
72084.8720703125,1353.0,29.0,10.0,201517.0
72103.55493164062,1354.0,29.0,12.0,201519.0
72122.23779296875,1355.0,30.0,14.0,201521.0
72140.92065429688,1356.0,30.0,15.0,201522.0
72159.603515625,1357.0,30.0,14.0,201521.0
72178.28637695312,1358.0,29.0,14.0,201521.0
72196.96923828125,1359.0,28.0,14.0,201521.0
72215.65209960938,1360.0,26.0,14.0,201521.0
72234.33471679688,1361.0,24.0,12.0,201519.0
72253.017578125,1362.0,19.0,6.0,201513.0
72271.70043945312,1363.0,11.0,-3.0,201504.0
72290.38330078125,1364.0,2.0,-13.0,201494.0
72309.06616210938,1365.0,-4.0,-23.0,201484.0
72327.7490234375,1366.0,-7.0,-30.0,201477.0
72346.43188476562,1367.0,-7.0,-33.0,201474.0
72365.11474609375,1368.0,-5.0,-32.0,201475.0
72383.79760742188,1369.0,-1.0,-30.0,201477.0
72402.48022460938,1370.0,2.0,-25.0,201482.0
72421.1630859375,1371.0,4.0,-20.0,201487.0
72439.84594726562,1372.0,5.0,-15.0,201492.0
72458.52880859375,1373.0,6.0,-12.0,201495.0
72477.21166992188,1374.0,7.0,-9.0,201498.0
72495.89453125,1375.0,7.0,-7.0,201500.0
72514.57739257812,1376.0,9.0,-3.0,201504.0
72533.26025390625,1377.0,11.0,-1.0,201506.0
72551.94287109375,1378.0,15.0,2.0,201509.0
72570.62573242188,1379.0,19.0,5.0,201512.0
72589.30859375,1380.0,22.0,8.0,201515.0
72607.99145507812,1381.0,24.0,9.0,201516.0
72626.67431640625,1382.0,25.0,10.0,201517.0
72645.35717773438,1383.0,26.0,11.0,201518.0
72664.0400390625,1384.0,26.0,11.0,201518.0
72682.72290039062,1385.0,27.0,11.0,201518.0
72701.40576171875,1386.0,27.0,12.0,201519.0
72720.08837890625,1387.0,30.0,14.0,201521.0
72738.77124023438,1388.0,32.0,15.0,201522.0
72757.4541015625,1389.0,33.0,16.0,201523.0
72776.13696289062,1390.0,32.0,17.0,201524.0
72794.81982421875,1391.0,30.0,18.0,201525.0
72813.50268554688,1392.0,28.0,17.0,201524.0
72832.185546875,1393.0,27.0,15.0,201522.0
72850.86840820312,1394.0,26.0,13.0,201520.0
72869.55102539062,1395.0,26.0,12.0,201519.0
72888.23388671875,1396.0,27.0,12.0,201519.0
72906.91674804688,1397.0,29.0,12.0,201519.0
72925.599609375,1398.0,27.0,10.0,201517.0
72944.28247070312,1399.0,23.0,4.0,201511.0
72962.96533203125,1400.0,15.0,-5.0,201502.0
72981.64819335938,1401.0,6.0,-15.0,201492.0
73000.3310546875,1402.0,-2.0,-24.0,201483.0
73019.01391601562,1403.0,-7.0,-29.0,201478.0
73037.69653320312,1404.0,-8.0,-29.0,201478.0
73056.37939453125,1405.0,-7.0,-27.0,201480.0
73075.06225585938,1406.0,-5.0,-23.0,201484.0
73093.7451171875,1407.0,-1.0,-18.0,201489.0
73112.42797851562,1408.0,4.0,-14.0,201493.0
73131.11083984375,1409.0,8.0,-11.0,201496.0
73149.79370117188,1410.0,11.0,-8.0,201499.0
73168.4765625,1411.0,12.0,-5.0,201502.0
73187.1591796875,1412.0,11.0,-4.0,201503.0
73205.84204101562,1413.0,9.0,-3.0,201504.0
73224.52490234375,1414.0,8.0,-2.0,201505.0
73243.20776367188,1415.0,8.0,0.0,201507.0
73261.890625,1416.0,9.0,3.0,201510.0
73280.57348632812,1417.0,12.0,6.0,201513.0
73299.25634765625,1418.0,14.0,8.0,201515.0
73317.93920898438,1419.0,18.0,9.0,201516.0
73336.62182617188,1420.0,20.0,10.0,201517.0
73355.3046875,1421.0,22.0,11.0,201518.0
73373.98754882812,1422.0,23.0,12.0,201519.0
73392.67041015625,1423.0,22.0,14.0,201521.0
73411.35327148438,1424.0,20.0,15.0,201522.0
73430.0361328125,1425.0,21.0,16.0,201523.0
73448.71899414062,1426.0,22.0,18.0,201525.0
73467.40185546875,1427.0,21.0,18.0,201525.0
73486.08471679688,1428.0,19.0,18.0,201525.0
73504.76733398438,1429.0,15.0,17.0,201524.0
73523.4501953125,1430.0,9.0,13.0,201520.0
73542.13305664062,1431.0,4.0,12.0,201519.0
73560.81591796875,1432.0,2.0,12.0,201519.0
73579.49877929688,1433.0,3.0,12.0,201519.0
73598.181640625,1434.0,7.0,11.0,201518.0
73616.86450195312,1435.0,11.0,9.0,201516.0
73635.54736328125,1436.0,10.0,4.0,201511.0
73654.22998046875,1437.0,5.0,-2.0,201505.0
73672.91284179688,1438.0,-3.0,-10.0,201497.0
73691.595703125,1439.0,-9.0,-16.0,201491.0
73710.27856445312,1440.0,-15.0,-20.0,201487.0
73728.96142578125,1441.0,-19.0,-21.0,201486.0
73747.64428710938,1442.0,-18.0,-20.0,201487.0
73766.3271484375,1443.0,-14.0,-16.0,201491.0
73785.01000976562,1444.0,-7.0,-12.0,201495.0
73803.69287109375,1445.0,-1.0,-8.0,201499.0
73822.37548828125,1446.0,3.0,-4.0,201503.0
73841.05834960938,1447.0,5.0,-1.0,201506.0
73859.7412109375,1448.0,7.0,0.0,201507.0
73878.42407226562,1449.0,10.0,1.0,201508.0
73897.10693359375,1450.0,12.0,3.0,201510.0
73915.78979492188,1451.0,15.0,5.0,201512.0
73934.47265625,1452.0,16.0,7.0,201514.0
73953.15551757812,1453.0,17.0,10.0,201517.0
73971.83813476562,1454.0,18.0,12.0,201519.0
73990.52099609375,1455.0,18.0,13.0,201520.0
74009.20385742188,1456.0,19.0,14.0,201521.0
74027.88671875,1457.0,21.0,13.0,201520.0
74046.56958007812,1458.0,23.0,13.0,201520.0
74065.25244140625,1459.0,23.0,14.0,201521.0
74083.93530273438,1460.0,24.0,14.0,201521.0
74102.6181640625,1461.0,24.0,15.0,201522.0
74121.30102539062,1462.0,24.0,15.0,201522.0
74139.98364257812,1463.0,23.0,15.0,201522.0
74158.66650390625,1464.0,25.0,16.0,201523.0
74177.34936523438,1465.0,27.0,17.0,201524.0
74196.0322265625,1466.0,27.0,17.0,201524.0
74214.71508789062,1467.0,26.0,18.0,201525.0
74233.39794921875,1468.0,25.0,18.0,201525.0
74252.08081054688,1469.0,22.0,15.0,201522.0
74270.763671875,1470.0,15.0,9.0,201516.0
74289.4462890625,1471.0,5.0,-1.0,201506.0
74308.12915039062,1472.0,-5.0,-12.0,201495.0
74326.81201171875,1473.0,-14.0,-22.0,201485.0
74345.49487304688,1474.0,-21.0,-29.0,201478.0
74364.177734375,1475.0,-23.0,-31.0,201476.0
74382.86059570312,1476.0,-21.0,-30.0,201477.0
74401.54345703125,1477.0,-16.0,-25.0,201482.0
74420.22631835938,1478.0,-10.0,-19.0,201488.0
74438.90893554688,1479.0,-5.0,-14.0,201493.0
74457.591796875,1480.0,-1.0,-9.0,201498.0
74476.27465820312,1481.0,2.0,-6.0,201501.0
74494.95751953125,1482.0,5.0,-3.0,201504.0
74513.64038085938,1483.0,5.0,-1.0,201506.0
74532.3232421875,1484.0,5.0,0.0,201507.0
74551.00610351562,1485.0,3.0,1.0,201508.0
74569.68896484375,1486.0,1.0,2.0,201509.0
74588.37182617188,1487.0,-1.0,2.0,201509.0
74607.05444335938,1488.0,-2.0,3.0,201510.0
74625.7373046875,1489.0,0.0,3.0,201510.0
74644.42016601562,1490.0,2.0,4.0,201511.0
74663.10302734375,1491.0,5.0,4.0,201511.0
74681.78588867188,1492.0,6.0,4.0,201511.0
74700.46875,1493.0,7.0,4.0,201511.0
74719.15161132812,1494.0,7.0,5.0,201512.0
74737.83447265625,1495.0,8.0,7.0,201514.0
74756.51708984375,1496.0,9.0,9.0,201516.0
74775.19995117188,1497.0,10.0,11.0,201518.0
74793.8828125,1498.0,11.0,14.0,201521.0
74812.56567382812,1499.0,12.0,16.0,201523.0
74831.24853515625,1500.0,11.0,17.0,201524.0
74849.93139648438,1501.0,10.0,19.0,201526.0
74868.6142578125,1502.0,9.0,19.0,201526.0
74887.29711914062,1503.0,7.0,18.0,201525.0
74905.97998046875,1504.0,6.0,16.0,201523.0
74924.66259765625,1505.0,2.0,10.0,201517.0
74943.34545898438,1506.0,-5.0,2.0,201509.0
74962.0283203125,1507.0,-13.0,-9.0,201498.0
74980.71118164062,1508.0,-22.0,-19.0,201488.0
74999.39404296875,1509.0,-28.0,-26.0,201481.0
75018.07690429688,1510.0,-32.0,-30.0,201477.0
75036.759765625,1511.0,-33.0,-30.0,201477.0
75055.44262695312,1512.0,-30.0,-26.0,201481.0
75074.12524414062,1513.0,-25.0,-22.0,201485.0
75092.80810546875,1514.0,-19.0,-16.0,201491.0
75111.49096679688,1515.0,-13.0,-11.0,201496.0
75130.173828125,1516.0,-5.0,-6.0,201501.0
75148.85668945312,1517.0,-1.0,-2.0,201505.0
75167.53955078125,1518.0,3.0,0.0,201507.0
75186.22241210938,1519.0,6.0,3.0,201510.0
75204.9052734375,1520.0,9.0,4.0,201511.0
75223.58813476562,1521.0,11.0,6.0,201513.0
75242.27075195312,1522.0,10.0,7.0,201514.0
75260.95361328125,1523.0,9.0,8.0,201515.0
75279.63647460938,1524.0,5.0,8.0,201515.0
75298.3193359375,1525.0,1.0,8.0,201515.0
75317.00219726562,1526.0,-2.0,8.0,201515.0
75335.68505859375,1527.0,-3.0,8.0,201515.0
75354.36791992188,1528.0,-2.0,9.0,201516.0
75373.05078125,1529.0,0.0,11.0,201518.0
75391.7333984375,1530.0,3.0,14.0,201521.0
75410.41625976562,1531.0,7.0,17.0,201524.0
75429.09912109375,1532.0,12.0,18.0,201525.0
75447.78198242188,1533.0,17.0,20.0,201527.0
75466.46484375,1534.0,21.0,23.0,201530.0
75485.14770507812,1535.0,24.0,24.0,201531.0
75503.83056640625,1536.0,26.0,25.0,201532.0
75522.51342773438,1537.0,28.0,25.0,201532.0
75541.19604492188,1538.0,31.0,26.0,201533.0
75559.87890625,1539.0,32.0,26.0,201533.0
75578.56176757812,1540.0,32.0,26.0,201533.0
75597.24462890625,1541.0,30.0,26.0,201533.0
75615.92749023438,1542.0,22.0,21.0,201528.0
75634.6103515625,1543.0,13.0,11.0,201518.0
75653.29321289062,1544.0,2.0,-1.0,201506.0
75671.97607421875,1545.0,-9.0,-11.0,201496.0
75690.65893554688,1546.0,-18.0,-19.0,201488.0
75709.34155273438,1547.0,-25.0,-22.0,201485.0
75728.0244140625,1548.0,-29.0,-23.0,201484.0
75746.70727539062,1549.0,-28.0,-20.0,201487.0
75765.39013671875,1550.0,-25.0,-15.0,201492.0
75784.07299804688,1551.0,-21.0,-8.0,201499.0
75802.755859375,1552.0,-17.0,-3.0,201504.0
75821.43872070312,1553.0,-13.0,1.0,201508.0
75840.12158203125,1554.0,-9.0,5.0,201512.0
75858.80419921875,1555.0,-5.0,7.0,201514.0
75877.48706054688,1556.0,-2.0,8.0,201515.0
75896.169921875,1557.0,0.0,9.0,201516.0
75914.85278320312,1558.0,4.0,10.0,201517.0
75933.53564453125,1559.0,8.0,10.0,201517.0
75952.21850585938,1560.0,11.0,11.0,201518.0
75970.9013671875,1561.0,13.0,10.0,201517.0
75989.58422851562,1562.0,13.0,9.0,201516.0
76008.26708984375,1563.0,13.0,8.0,201515.0
76026.94970703125,1564.0,13.0,8.0,201515.0
76045.63256835938,1565.0,11.0,10.0,201517.0
76064.3154296875,1566.0,11.0,12.0,201519.0
76082.99829101562,1567.0,12.0,13.0,201520.0
76101.68115234375,1568.0,13.0,14.0,201521.0
76120.36401367188,1569.0,16.0,16.0,201523.0
76139.046875,1570.0,18.0,17.0,201524.0
76157.72973632812,1571.0,18.0,18.0,201525.0
76176.41235351562,1572.0,19.0,19.0,201526.0
76195.09521484375,1573.0,20.0,19.0,201526.0
76213.77807617188,1574.0,20.0,20.0,201527.0
76232.4609375,1575.0,22.0,21.0,201528.0
76251.14379882812,1576.0,23.0,22.0,201529.0
76269.82666015625,1577.0,25.0,23.0,201530.0
76288.50952148438,1578.0,27.0,23.0,201530.0
76307.1923828125,1579.0,24.0,20.0,201527.0
76325.87524414062,1580.0,17.0,14.0,201521.0
76344.55786132812,1581.0,7.0,4.0,201511.0
76363.24072265625,1582.0,-4.0,-8.0,201499.0
76381.92358398438,1583.0,-14.0,-18.0,201489.0
76400.6064453125,1584.0,-21.0,-26.0,201481.0
76419.28930664062,1585.0,-25.0,-29.0,201478.0
76437.97216796875,1586.0,-23.0,-27.0,201480.0
76456.65502929688,1587.0,-20.0,-22.0,201485.0
76475.337890625,1588.0,-16.0,-17.0,201490.0
76494.0205078125,1589.0,-12.0,-12.0,201495.0
76512.70336914062,1590.0,-8.0,-9.0,201498.0
76531.38623046875,1591.0,-6.0,-5.0,201502.0
76550.06909179688,1592.0,-4.0,-3.0,201504.0
76568.751953125,1593.0,-2.0,-2.0,201505.0
76587.43481445312,1594.0,0.0,-1.0,201506.0
76606.11767578125,1595.0,2.0,1.0,201508.0
76624.80053710938,1596.0,2.0,2.0,201509.0
76643.48315429688,1597.0,4.0,2.0,201509.0
76662.166015625,1598.0,5.0,3.0,201510.0
76680.84887695312,1599.0,7.0,5.0,201512.0
76699.53173828125,1600.0,11.0,7.0,201514.0
76718.21459960938,1601.0,15.0,9.0,201516.0
76736.8974609375,1602.0,21.0,8.0,201515.0
76755.58032226562,1603.0,27.0,9.0,201516.0
76774.26318359375,1604.0,32.0,10.0,201517.0
76792.94604492188,1605.0,36.0,12.0,201519.0
76811.62866210938,1606.0,39.0,14.0,201521.0
76830.3115234375,1607.0,42.0,17.0,201524.0
76848.99438476562,1608.0,42.0,21.0,201528.0
76867.67724609375,1609.0,43.0,24.0,201531.0
76886.36010742188,1610.0,43.0,27.0,201534.0
76905.04296875,1611.0,42.0,30.0,201537.0
76923.72583007812,1612.0,40.0,30.0,201537.0
76942.40869140625,1613.0,37.0,28.0,201535.0
76961.09130859375,1614.0,29.0,21.0,201528.0
76979.77416992188,1615.0,19.0,10.0,201517.0
76998.45703125,1616.0,8.0,-2.0,201505.0
77017.13989257812,1617.0,0.0,-11.0,201496.0
77035.82275390625,1618.0,-6.0,-16.0,201491.0
77054.50561523438,1619.0,-6.0,-18.0,201489.0
77073.1884765625,1620.0,-4.0,-18.0,201489.0
77091.87133789062,1621.0,-1.0,-16.0,201491.0
77110.55419921875,1622.0,3.0,-13.0,201494.0
77129.23681640625,1623.0,8.0,-8.0,201499.0
77147.91967773438,1624.0,12.0,-5.0,201502.0
77166.6025390625,1625.0,15.0,-2.0,201505.0
77185.28540039062,1626.0,16.0,-1.0,201506.0
77203.96826171875,1627.0,18.0,-1.0,201506.0
77222.65112304688,1628.0,18.0,0.0,201507.0
77241.333984375,1629.0,18.0,2.0,201509.0
77260.01684570312,1630.0,19.0,5.0,201512.0
77278.69946289062,1631.0,19.0,7.0,201514.0
77297.38232421875,1632.0,21.0,10.0,201517.0
77316.06518554688,1633.0,23.0,12.0,201519.0
77334.748046875,1634.0,24.0,13.0,201520.0
77353.43090820312,1635.0,24.0,15.0,201522.0
77372.11376953125,1636.0,27.0,17.0,201524.0
77390.79663085938,1637.0,33.0,18.0,201525.0
77409.4794921875,1638.0,39.0,19.0,201526.0
77428.16235351562,1639.0,44.0,20.0,201527.0
77446.84497070312,1640.0,47.0,20.0,201527.0
77465.52783203125,1641.0,49.0,21.0,201528.0
77484.21069335938,1642.0,49.0,23.0,201530.0
77502.8935546875,1643.0,48.0,25.0,201532.0
77521.57641601562,1644.0,45.0,25.0,201532.0
77540.25927734375,1645.0,41.0,25.0,201532.0
77558.94213867188,1646.0,37.0,25.0,201532.0
77577.625,1647.0,35.0,24.0,201531.0
77596.3076171875,1648.0,29.0,20.0,201527.0
77614.99047851562,1649.0,22.0,13.0,201520.0
77633.67333984375,1650.0,14.0,3.0,201510.0
77652.35620117188,1651.0,6.0,-7.0,201500.0
77671.0390625,1652.0,1.0,-15.0,201492.0
77689.72192382812,1653.0,-2.0,-19.0,201488.0
77708.40478515625,1654.0,-2.0,-20.0,201487.0
77727.08764648438,1655.0,-1.0,-17.0,201490.0
77745.77026367188,1656.0,2.0,-12.0,201495.0
77764.453125,1657.0,6.0,-7.0,201500.0
77783.13598632812,1658.0,10.0,-3.0,201504.0
77801.81884765625,1659.0,12.0,0.0,201507.0
77820.50170898438,1660.0,13.0,3.0,201510.0
77839.1845703125,1661.0,13.0,5.0,201512.0
77857.86743164062,1662.0,12.0,6.0,201513.0
77876.55029296875,1663.0,9.0,6.0,201513.0
77895.23315429688,1664.0,5.0,5.0,201512.0
77913.91577148438,1665.0,3.0,4.0,201511.0
77932.5986328125,1666.0,2.0,4.0,201511.0
77951.28149414062,1667.0,2.0,5.0,201512.0
77969.96435546875,1668.0,2.0,6.0,201513.0
77988.64721679688,1669.0,2.0,6.0,201513.0
78007.330078125,1670.0,3.0,5.0,201512.0
78026.01293945312,1671.0,3.0,4.0,201511.0
78044.69580078125,1672.0,3.0,4.0,201511.0
78063.37841796875,1673.0,4.0,4.0,201511.0
78082.06127929688,1674.0,5.0,5.0,201512.0
78100.744140625,1675.0,5.0,7.0,201514.0
78119.42700195312,1676.0,6.0,10.0,201517.0
78138.10986328125,1677.0,8.0,13.0,201520.0
78156.79272460938,1678.0,11.0,16.0,201523.0
78175.4755859375,1679.0,15.0,18.0,201525.0
78194.15844726562,1680.0,20.0,19.0,201526.0
78212.84130859375,1681.0,24.0,21.0,201528.0
78231.52392578125,1682.0,25.0,22.0,201529.0
78250.20678710938,1683.0,23.0,19.0,201526.0
78268.8896484375,1684.0,16.0,12.0,201519.0
78287.57250976562,1685.0,6.0,2.0,201509.0
78306.25537109375,1686.0,-4.0,-9.0,201498.0
78324.93823242188,1687.0,-13.0,-19.0,201488.0
78343.62109375,1688.0,-19.0,-24.0,201483.0
78362.30395507812,1689.0,-21.0,-26.0,201481.0
78380.98657226562,1690.0,-18.0,-24.0,201483.0
78399.66943359375,1691.0,-10.0,-17.0,201490.0
78418.35229492188,1692.0,1.0,-10.0,201497.0
78437.03515625,1693.0,12.0,-2.0,201505.0
78455.71801757812,1694.0,23.0,4.0,201511.0
78474.40087890625,1695.0,29.0,9.0,201516.0
78493.08374023438,1696.0,34.0,11.0,201518.0
78511.7666015625,1697.0,37.0,13.0,201520.0
78530.44946289062,1698.0,37.0,14.0,201521.0
78549.13208007812,1699.0,38.0,15.0,201522.0
78567.81494140625,1700.0,38.0,18.0,201525.0
78586.49780273438,1701.0,38.0,21.0,201528.0
78605.1806640625,1702.0,37.0,22.0,201529.0
78623.86352539062,1703.0,37.0,23.0,201530.0
78642.54638671875,1704.0,37.0,21.0,201528.0
78661.22924804688,1705.0,36.0,20.0,201527.0
78679.912109375,1706.0,35.0,18.0,201525.0
78698.5947265625,1707.0,34.0,18.0,201525.0
78717.27758789062,1708.0,33.0,17.0,201524.0
78735.96044921875,1709.0,32.0,18.0,201525.0
78754.64331054688,1710.0,31.0,20.0,201527.0
78773.326171875,1711.0,32.0,22.0,201529.0
78792.00903320312,1712.0,33.0,24.0,201531.0
78810.69189453125,1713.0,37.0,24.0,201531.0
78829.37475585938,1714.0,40.0,25.0,201532.0
78848.05737304688,1715.0,42.0,26.0,201533.0
78866.740234375,1716.0,43.0,26.0,201533.0
78885.42309570312,1717.0,41.0,27.0,201534.0
78904.10595703125,1718.0,41.0,28.0,201535.0
78922.78881835938,1719.0,39.0,27.0,201534.0
78941.4716796875,1720.0,37.0,26.0,201533.0
78960.15454101562,1721.0,32.0,22.0,201529.0
78978.83740234375,1722.0,23.0,13.0,201520.0
78997.52026367188,1723.0,11.0,-1.0,201506.0
79016.20288085938,1724.0,-1.0,-12.0,201495.0
79034.8857421875,1725.0,-9.0,-20.0,201487.0
79053.56860351562,1726.0,-12.0,-25.0,201482.0
79072.25146484375,1727.0,-11.0,-26.0,201481.0
79090.93432617188,1728.0,-8.0,-24.0,201483.0
79109.6171875,1729.0,-4.0,-18.0,201489.0
79128.30004882812,1730.0,0.0,-13.0,201494.0
79146.98291015625,1731.0,4.0,-9.0,201498.0
79165.66552734375,1732.0,7.0,-4.0,201503.0
79184.34838867188,1733.0,10.0,0.0,201507.0
79203.03125,1734.0,11.0,3.0,201510.0
79221.71411132812,1735.0,10.0,3.0,201510.0
79240.39697265625,1736.0,7.0,2.0,201509.0
79259.07983398438,1737.0,5.0,0.0,201507.0
79277.7626953125,1738.0,4.0,0.0,201507.0
79296.44555664062,1739.0,4.0,0.0,201507.0
79315.12841796875,1740.0,4.0,1.0,201508.0
79333.81103515625,1741.0,4.0,0.0,201507.0
79352.49389648438,1742.0,3.0,-1.0,201506.0
79371.1767578125,1743.0,2.0,-2.0,201505.0
79389.85961914062,1744.0,2.0,-3.0,201504.0
79408.54248046875,1745.0,1.0,-4.0,201503.0
79427.22534179688,1746.0,1.0,-5.0,201502.0
79445.908203125,1747.0,2.0,-5.0,201502.0
79464.59106445312,1748.0,4.0,-3.0,201504.0
79483.27368164062,1749.0,6.0,-2.0,201505.0
79501.95654296875,1750.0,8.0,1.0,201508.0
79520.63940429688,1751.0,10.0,4.0,201511.0
79539.322265625,1752.0,11.0,7.0,201514.0
79558.00512695312,1753.0,13.0,9.0,201516.0
79576.68798828125,1754.0,14.0,10.0,201517.0
79595.37084960938,1755.0,15.0,9.0,201516.0
79614.0537109375,1756.0,12.0,5.0,201512.0
79632.73657226562,1757.0,8.0,-2.0,201505.0
79651.41918945312,1758.0,1.0,-11.0,201496.0
79670.10205078125,1759.0,-6.0,-20.0,201487.0
79688.78491210938,1760.0,-10.0,-25.0,201482.0
79707.4677734375,1761.0,-12.0,-27.0,201480.0
79726.15063476562,1762.0,-11.0,-26.0,201481.0
79744.83349609375,1763.0,-8.0,-22.0,201485.0
79763.51635742188,1764.0,-4.0,-16.0,201491.0
79782.19921875,1765.0,1.0,-10.0,201497.0
79800.8818359375,1766.0,5.0,-6.0,201501.0
79819.56469726562,1767.0,8.0,-2.0,201505.0
79838.24755859375,1768.0,7.0,-1.0,201506.0
79856.93041992188,1769.0,4.0,-2.0,201505.0
79875.61328125,1770.0,-1.0,-4.0,201503.0
79894.29614257812,1771.0,-6.0,-5.0,201502.0
79912.97900390625,1772.0,-10.0,-5.0,201502.0
79931.66186523438,1773.0,-12.0,-3.0,201504.0
79950.34448242188,1774.0,-14.0,-2.0,201505.0
79969.02734375,1775.0,-14.0,-1.0,201506.0
79987.71020507812,1776.0,-14.0,0.0,201507.0
80006.39306640625,1777.0,-13.0,-1.0,201506.0
80025.07592773438,1778.0,-14.0,-4.0,201503.0
80043.7587890625,1779.0,-15.0,-7.0,201500.0
80062.44165039062,1780.0,-15.0,-9.0,201498.0
80081.12451171875,1781.0,-12.0,-7.0,201500.0
80099.80737304688,1782.0,-5.0,-4.0,201503.0
80118.48999023438,1783.0,3.0,0.0,201507.0
80137.1728515625,1784.0,10.0,3.0,201510.0
80155.85571289062,1785.0,15.0,6.0,201513.0
80174.53857421875,1786.0,19.0,9.0,201516.0
80193.22143554688,1787.0,21.0,11.0,201518.0
80211.904296875,1788.0,22.0,10.0,201517.0
80230.58715820312,1789.0,18.0,6.0,201513.0
80249.27001953125,1790.0,13.0,-3.0,201504.0
80267.95263671875,1791.0,6.0,-13.0,201494.0
80286.63549804688,1792.0,-2.0,-22.0,201485.0
80305.318359375,1793.0,-9.0,-27.0,201480.0
80324.00122070312,1794.0,-15.0,-31.0,201476.0
80342.68408203125,1795.0,-18.0,-31.0,201476.0
80361.36694335938,1796.0,-18.0,-27.0,201480.0
80380.0498046875,1797.0,-15.0,-23.0,201484.0
80398.73266601562,1798.0,-12.0,-17.0,201490.0
80417.41552734375,1799.0,-9.0,-11.0,201496.0
80436.09814453125,1800.0,-5.0,-7.0,201500.0
80454.78100585938,1801.0,-3.0,-4.0,201503.0
80473.4638671875,1802.0,0.0,-2.0,201505.0
80492.14672851562,1803.0,2.0,0.0,201507.0
80510.82958984375,1804.0,5.0,1.0,201508.0
80529.51245117188,1805.0,7.0,3.0,201510.0
80548.1953125,1806.0,9.0,4.0,201511.0
80566.87817382812,1807.0,9.0,5.0,201512.0
80585.56079101562,1808.0,6.0,3.0,201510.0
80604.24365234375,1809.0,1.0,0.0,201507.0
80622.92651367188,1810.0,-5.0,-3.0,201504.0
80641.609375,1811.0,-9.0,-5.0,201502.0
80660.29223632812,1812.0,-10.0,-6.0,201501.0
80678.97509765625,1813.0,-10.0,-5.0,201502.0
80697.65795898438,1814.0,-9.0,-3.0,201504.0
80716.3408203125,1815.0,-9.0,-1.0,201506.0
80735.02368164062,1816.0,-8.0,0.0,201507.0
80753.70629882812,1817.0,-5.0,2.0,201509.0
80772.38916015625,1818.0,0.0,3.0,201510.0
80791.07202148438,1819.0,4.0,5.0,201512.0
80809.7548828125,1820.0,7.0,7.0,201514.0
80828.43774414062,1821.0,7.0,8.0,201515.0
80847.12060546875,1822.0,5.0,4.0,201511.0
80865.80346679688,1823.0,0.0,-3.0,201504.0
80884.486328125,1824.0,-7.0,-12.0,201495.0
80903.1689453125,1825.0,-15.0,-21.0,201486.0
80921.85180664062,1826.0,-20.0,-27.0,201480.0
80940.53466796875,1827.0,-24.0,-31.0,201476.0
80959.21752929688,1828.0,-26.0,-30.0,201477.0
80977.900390625,1829.0,-24.0,-28.0,201479.0
80996.58325195312,1830.0,-19.0,-20.0,201487.0
81015.26611328125,1831.0,-13.0,-12.0,201495.0
81033.94897460938,1832.0,-4.0,-2.0,201505.0
81052.63159179688,1833.0,6.0,8.0,201515.0
81071.314453125,1834.0,15.0,18.0,201525.0
81089.99731445312,1835.0,21.0,25.0,201532.0
81108.68017578125,1836.0,26.0,28.0,201535.0
81127.36303710938,1837.0,27.0,31.0,201538.0
81146.0458984375,1838.0,27.0,31.0,201538.0
81164.72875976562,1839.0,24.0,29.0,201536.0
81183.41162109375,1840.0,18.0,26.0,201533.0
81202.09448242188,1841.0,12.0,21.0,201528.0
81220.77709960938,1842.0,6.0,15.0,201522.0
81239.4599609375,1843.0,1.0,11.0,201518.0
81258.14282226562,1844.0,-2.0,8.0,201515.0
81276.82568359375,1845.0,-3.0,6.0,201513.0
81295.50854492188,1846.0,-2.0,5.0,201512.0
81314.19140625,1847.0,1.0,6.0,201513.0
81332.87426757812,1848.0,3.0,9.0,201516.0
81351.55712890625,1849.0,6.0,12.0,201519.0
81370.23974609375,1850.0,9.0,15.0,201522.0
81388.92260742188,1851.0,12.0,17.0,201524.0
81407.60546875,1852.0,14.0,19.0,201526.0
81426.28833007812,1853.0,16.0,21.0,201528.0
81444.97119140625,1854.0,18.0,22.0,201529.0
81463.65405273438,1855.0,19.0,23.0,201530.0
81482.3369140625,1856.0,18.0,19.0,201526.0
81501.01977539062,1857.0,13.0,12.0,201519.0
81519.70263671875,1858.0,5.0,4.0,201511.0
81538.38525390625,1859.0,-3.0,-5.0,201502.0
81557.06811523438,1860.0,-11.0,-13.0,201494.0
81575.7509765625,1861.0,-17.0,-18.0,201489.0
81594.43383789062,1862.0,-20.0,-19.0,201488.0
81613.11669921875,1863.0,-20.0,-17.0,201490.0
81631.79956054688,1864.0,-17.0,-15.0,201492.0
81650.482421875,1865.0,-13.0,-11.0,201496.0
81669.16528320312,1866.0,-10.0,-8.0,201499.0
81687.84790039062,1867.0,-6.0,-5.0,201502.0
81706.53076171875,1868.0,-2.0,-2.0,201505.0
81725.21362304688,1869.0,1.0,1.0,201508.0
81743.896484375,1870.0,4.0,3.0,201510.0
81762.57934570312,1871.0,8.0,4.0,201511.0
81781.26220703125,1872.0,12.0,5.0,201512.0
81799.94506835938,1873.0,16.0,7.0,201514.0
81818.6279296875,1874.0,19.0,8.0,201515.0
81837.31079101562,1875.0,20.0,8.0,201515.0
81855.99340820312,1876.0,21.0,6.0,201513.0
81874.67626953125,1877.0,19.0,5.0,201512.0
81893.35913085938,1878.0,17.0,4.0,201511.0
81912.0419921875,1879.0,15.0,4.0,201511.0
81930.72485351562,1880.0,14.0,5.0,201512.0
81949.40771484375,1881.0,13.0,7.0,201514.0
81968.09057617188,1882.0,11.0,10.0,201517.0
81986.7734375,1883.0,9.0,11.0,201518.0
82005.4560546875,1884.0,7.0,12.0,201519.0
82024.13891601562,1885.0,6.0,14.0,201521.0
82042.82177734375,1886.0,6.0,16.0,201523.0
82061.50463867188,1887.0,7.0,18.0,201525.0
82080.1875,1888.0,10.0,21.0,201528.0
82098.87036132812,1889.0,11.0,21.0,201528.0
82117.55322265625,1890.0,14.0,20.0,201527.0
82136.23608398438,1891.0,15.0,15.0,201522.0
82154.91870117188,1892.0,12.0,6.0,201513.0
82173.6015625,1893.0,6.0,-6.0,201501.0
82192.28442382812,1894.0,-1.0,-17.0,201490.0
82210.96728515625,1895.0,-6.0,-25.0,201482.0
82229.65014648438,1896.0,-9.0,-31.0,201476.0
82248.3330078125,1897.0,-11.0,-34.0,201473.0
82267.01586914062,1898.0,-10.0,-35.0,201472.0
82285.69873046875,1899.0,-6.0,-33.0,201474.0
82304.38159179688,1900.0,-2.0,-28.0,201479.0
82323.06420898438,1901.0,1.0,-23.0,201484.0
82341.7470703125,1902.0,2.0,-18.0,201489.0
82360.42993164062,1903.0,3.0,-12.0,201495.0
82379.11279296875,1904.0,3.0,-8.0,201499.0
82397.79565429688,1905.0,3.0,-5.0,201502.0
82416.478515625,1906.0,3.0,-1.0,201506.0
82435.16137695312,1907.0,3.0,1.0,201508.0
82453.84423828125,1908.0,3.0,3.0,201510.0
82472.52685546875,1909.0,3.0,2.0,201509.0
82491.20971679688,1910.0,2.0,0.0,201507.0
82509.892578125,1911.0,-1.0,-3.0,201504.0
82528.57543945312,1912.0,-4.0,-7.0,201500.0
82547.25830078125,1913.0,-6.0,-9.0,201498.0
82565.94116210938,1914.0,-7.0,-12.0,201495.0
82584.6240234375,1915.0,-6.0,-12.0,201495.0
82603.30688476562,1916.0,-4.0,-11.0,201496.0
82621.98974609375,1917.0,-1.0,-9.0,201498.0
82640.67236328125,1918.0,2.0,-6.0,201501.0
82659.35522460938,1919.0,4.0,-4.0,201503.0
82678.0380859375,1920.0,5.0,-1.0,201506.0
82696.72094726562,1921.0,7.0,2.0,201509.0
82715.40380859375,1922.0,8.0,6.0,201513.0
82734.08666992188,1923.0,10.0,8.0,201515.0
82752.76953125,1924.0,10.0,7.0,201514.0
82771.45239257812,1925.0,5.0,3.0,201510.0
82790.13500976562,1926.0,-3.0,-4.0,201503.0
82808.81787109375,1927.0,-12.0,-13.0,201494.0
82827.50073242188,1928.0,-19.0,-20.0,201487.0
82846.18359375,1929.0,-23.0,-25.0,201482.0
82864.86645507812,1930.0,-25.0,-27.0,201480.0
82883.54931640625,1931.0,-25.0,-25.0,201482.0
82902.23217773438,1932.0,-22.0,-22.0,201485.0
82920.9150390625,1933.0,-18.0,-19.0,201488.0
82939.59790039062,1934.0,-15.0,-15.0,201492.0
82958.28051757812,1935.0,-12.0,-13.0,201494.0
82976.96337890625,1936.0,-10.0,-11.0,201496.0
82995.64624023438,1937.0,-7.0,-10.0,201497.0
83014.3291015625,1938.0,-4.0,-9.0,201498.0
83033.01196289062,1939.0,-4.0,-7.0,201500.0
83051.69482421875,1940.0,-5.0,-3.0,201504.0
83070.37768554688,1941.0,-5.0,0.0,201507.0
83089.060546875,1942.0,-7.0,1.0,201508.0
83107.7431640625,1943.0,-8.0,1.0,201508.0
83126.42602539062,1944.0,-9.0,-1.0,201506.0
83145.10888671875,1945.0,-12.0,-3.0,201504.0
83163.79174804688,1946.0,-14.0,-3.0,201504.0
83182.474609375,1947.0,-16.0,-4.0,201503.0
83201.15747070312,1948.0,-16.0,-5.0,201502.0
83219.84033203125,1949.0,-15.0,-5.0,201502.0
83238.52319335938,1950.0,-11.0,-5.0,201502.0
83257.20581054688,1951.0,-8.0,-5.0,201502.0
83275.888671875,1952.0,-4.0,-4.0,201503.0
83294.57153320312,1953.0,2.0,-1.0,201506.0
83313.25439453125,1954.0,8.0,3.0,201510.0
83331.93725585938,1955.0,13.0,7.0,201514.0
83350.6201171875,1956.0,15.0,9.0,201516.0
83369.30297851562,1957.0,11.0,8.0,201515.0
83387.98583984375,1958.0,4.0,2.0,201509.0
83406.66870117188,1959.0,-6.0,-7.0,201500.0
83425.35131835938,1960.0,-16.0,-16.0,201491.0
83444.0341796875,1961.0,-22.0,-24.0,201483.0
83462.71704101562,1962.0,-26.0,-28.0,201479.0
83481.39990234375,1963.0,-27.0,-30.0,201477.0
83500.08276367188,1964.0,-24.0,-28.0,201479.0
83518.765625,1965.0,-19.0,-24.0,201483.0
83537.44848632812,1966.0,-13.0,-19.0,201488.0
83556.13134765625,1967.0,-8.0,-12.0,201495.0
83574.81396484375,1968.0,-3.0,-7.0,201500.0
83593.49682617188,1969.0,0.0,-3.0,201504.0
83612.1796875,1970.0,3.0,1.0,201508.0
83630.86254882812,1971.0,6.0,4.0,201511.0
83649.54541015625,1972.0,9.0,6.0,201513.0
83668.22827148438,1973.0,13.0,9.0,201516.0
83686.9111328125,1974.0,14.0,10.0,201517.0
83705.59399414062,1975.0,13.0,9.0,201516.0
83724.27685546875,1976.0,11.0,6.0,201513.0
83742.95947265625,1977.0,7.0,2.0,201509.0
83761.64233398438,1978.0,3.0,0.0,201507.0
83780.3251953125,1979.0,0.0,-2.0,201505.0
83799.00805664062,1980.0,-2.0,-2.0,201505.0
83817.69091796875,1981.0,-3.0,-1.0,201506.0
83836.37377929688,1982.0,-3.0,1.0,201508.0
83855.056640625,1983.0,-2.0,2.0,201509.0
83873.73950195312,1984.0,0.0,5.0,201512.0
83892.42211914062,1985.0,4.0,7.0,201514.0
83911.10498046875,1986.0,7.0,10.0,201517.0
83929.78784179688,1987.0,11.0,12.0,201519.0
83948.470703125,1988.0,14.0,13.0,201520.0
83967.15356445312,1989.0,14.0,12.0,201519.0
83985.83642578125,1990.0,11.0,6.0,201513.0
84004.51928710938,1991.0,4.0,-4.0,201503.0
84023.2021484375,1992.0,-4.0,-13.0,201494.0
84041.88500976562,1993.0,-10.0,-21.0,201486.0
84060.56762695312,1994.0,-14.0,-25.0,201482.0
84079.25048828125,1995.0,-15.0,-27.0,201480.0
84097.93334960938,1996.0,-14.0,-25.0,201482.0
84116.6162109375,1997.0,-12.0,-23.0,201484.0
84135.29907226562,1998.0,-7.0,-19.0,201488.0
84153.98193359375,1999.0,-2.0,-13.0,201494.0
84172.66479492188,2000.0,4.0,-9.0,201498.0
84191.34765625,2001.0,9.0,-5.0,201502.0
84210.0302734375,2002.0,14.0,1.0,201508.0
84228.71313476562,2003.0,16.0,6.0,201513.0
84247.39599609375,2004.0,20.0,11.0,201518.0
84266.07885742188,2005.0,21.0,14.0,201521.0
84284.76171875,2006.0,22.0,15.0,201522.0
84303.44458007812,2007.0,20.0,13.0,201520.0
84322.12744140625,2008.0,16.0,11.0,201518.0
84340.81030273438,2009.0,11.0,8.0,201515.0
84359.49291992188,2010.0,7.0,6.0,201513.0
84378.17578125,2011.0,5.0,4.0,201511.0
84396.85864257812,2012.0,3.0,3.0,201510.0
84415.54150390625,2013.0,1.0,3.0,201510.0
84434.22436523438,2014.0,1.0,3.0,201510.0
84452.9072265625,2015.0,2.0,4.0,201511.0
84471.59008789062,2016.0,5.0,5.0,201512.0
84490.27294921875,2017.0,9.0,7.0,201514.0
84508.95581054688,2018.0,14.0,9.0,201516.0
84527.63842773438,2019.0,18.0,13.0,201520.0
84546.3212890625,2020.0,22.0,15.0,201522.0
84565.00415039062,2021.0,23.0,18.0,201525.0
84583.68701171875,2022.0,21.0,18.0,201525.0
84602.36987304688,2023.0,15.0,15.0,201522.0
84621.052734375,2024.0,6.0,7.0,201514.0
84639.73559570312,2025.0,-3.0,-3.0,201504.0
84658.41845703125,2026.0,-11.0,-13.0,201494.0
84677.10107421875,2027.0,-16.0,-21.0,201486.0
84695.78393554688,2028.0,-17.0,-26.0,201481.0
84714.466796875,2029.0,-16.0,-27.0,201480.0
84733.14965820312,2030.0,-14.0,-25.0,201482.0
84751.83251953125,2031.0,-11.0,-22.0,201485.0
84770.51538085938,2032.0,-8.0,-18.0,201489.0
84789.1982421875,2033.0,-4.0,-12.0,201495.0
84807.88110351562,2034.0,0.0,-6.0,201501.0
84826.56396484375,2035.0,3.0,-1.0,201506.0
84845.24658203125,2036.0,6.0,2.0,201509.0
84863.92944335938,2037.0,7.0,4.0,201511.0
84882.6123046875,2038.0,8.0,5.0,201512.0
84901.29516601562,2039.0,9.0,7.0,201514.0
84919.97802734375,2040.0,10.0,8.0,201515.0
84938.66088867188,2041.0,9.0,7.0,201514.0
84957.34375,2042.0,8.0,4.0,201511.0
84976.02661132812,2043.0,6.0,1.0,201508.0
84994.70922851562,2044.0,4.0,-3.0,201504.0
85013.39208984375,2045.0,2.0,-6.0,201501.0
85032.07495117188,2046.0,0.0,-7.0,201500.0
85050.7578125,2047.0,-1.0,-7.0,201500.0
85069.44067382812,2048.0,0.0,-6.0,201501.0
85088.12353515625,2049.0,2.0,-4.0,201503.0
85106.80639648438,2050.0,5.0,-3.0,201504.0
85125.4892578125,2051.0,9.0,-1.0,201506.0
85144.171875,2052.0,12.0,1.0,201508.0
85162.85473632812,2053.0,14.0,3.0,201510.0
85181.53759765625,2054.0,17.0,5.0,201512.0
85200.22045898438,2055.0,20.0,6.0,201513.0
85218.9033203125,2056.0,20.0,7.0,201514.0
85237.58618164062,2057.0,16.0,6.0,201513.0
85256.26904296875,2058.0,6.0,1.0,201508.0
85274.95190429688,2059.0,-6.0,-8.0,201499.0
85293.634765625,2060.0,-20.0,-18.0,201489.0
85312.3173828125,2061.0,-30.0,-27.0,201480.0
85331.00024414062,2062.0,-39.0,-34.0,201473.0
85349.68310546875,2063.0,-42.0,-36.0,201471.0
85368.36596679688,2064.0,-44.0,-36.0,201471.0
85387.048828125,2065.0,-41.0,-34.0,201473.0
85405.73168945312,2066.0,-36.0,-29.0,201478.0
85424.41455078125,2067.0,-29.0,-25.0,201482.0
85443.09741210938,2068.0,-20.0,-21.0,201486.0
85461.78002929688,2069.0,-14.0,-16.0,201491.0
85480.462890625,2070.0,-10.0,-12.0,201495.0
85499.14575195312,2071.0,-7.0,-8.0,201499.0
85517.82861328125,2072.0,-6.0,-5.0,201502.0
85536.51147460938,2073.0,-6.0,-3.0,201504.0
85555.1943359375,2074.0,-5.0,-2.0,201505.0
85573.87719726562,2075.0,-4.0,-1.0,201506.0
85592.56005859375,2076.0,-3.0,-2.0,201505.0
85611.24291992188,2077.0,-4.0,-4.0,201503.0
85629.92553710938,2078.0,-8.0,-6.0,201501.0
85648.6083984375,2079.0,-13.0,-9.0,201498.0
85667.29125976562,2080.0,-17.0,-9.0,201498.0
85685.97412109375,2081.0,-18.0,-9.0,201498.0
85704.65698242188,2082.0,-17.0,-7.0,201500.0
85723.33984375,2083.0,-13.0,-6.0,201501.0
85742.02270507812,2084.0,-9.0,-4.0,201503.0
85760.70556640625,2085.0,-6.0,-2.0,201505.0
85779.38818359375,2086.0,-3.0,1.0,201508.0
85798.07104492188,2087.0,-1.0,4.0,201511.0
85816.75390625,2088.0,-1.0,8.0,201515.0
85835.43676757812,2089.0,-1.0,10.0,201517.0
85854.11962890625,2090.0,-4.0,10.0,201517.0
85872.80249023438,2091.0,-10.0,5.0,201512.0
85891.4853515625,2092.0,-19.0,-3.0,201504.0
85910.16821289062,2093.0,-28.0,-12.0,201495.0
85928.85107421875,2094.0,-36.0,-21.0,201486.0
85947.53369140625,2095.0,-41.0,-27.0,201480.0
85966.21655273438,2096.0,-42.0,-29.0,201478.0
85984.8994140625,2097.0,-40.0,-27.0,201480.0
86003.58227539062,2098.0,-34.0,-23.0,201484.0
86022.26513671875,2099.0,-28.0,-18.0,201489.0
86040.94799804688,2100.0,-19.0,-12.0,201495.0
86059.630859375,2101.0,-10.0,-7.0,201500.0
86078.31372070312,2102.0,-4.0,-2.0,201505.0
86096.99633789062,2103.0,-1.0,1.0,201508.0
86115.67919921875,2104.0,0.0,2.0,201509.0
86134.36206054688,2105.0,0.0,1.0,201508.0
86153.044921875,2106.0,-1.0,-1.0,201506.0
86171.72778320312,2107.0,-1.0,-2.0,201505.0
86190.41064453125,2108.0,-1.0,-2.0,201505.0
86209.09350585938,2109.0,-3.0,-1.0,201506.0
86227.7763671875,2110.0,-5.0,-2.0,201505.0
86246.458984375,2111.0,-5.0,-3.0,201504.0
86265.14184570312,2112.0,-5.0,-4.0,201503.0
86283.82470703125,2113.0,-4.0,-4.0,201503.0
86302.50756835938,2114.0,-4.0,-4.0,201503.0
86321.1904296875,2115.0,-2.0,-3.0,201504.0
86339.87329101562,2116.0,0.0,-1.0,201506.0
86358.55615234375,2117.0,3.0,1.0,201508.0
86377.23901367188,2118.0,6.0,3.0,201510.0
86395.921875,2119.0,8.0,5.0,201512.0
86414.6044921875,2120.0,9.0,8.0,201515.0
86433.28735351562,2121.0,10.0,10.0,201517.0
86451.97021484375,2122.0,10.0,10.0,201517.0
86470.65307617188,2123.0,9.0,9.0,201516.0
86489.3359375,2124.0,4.0,5.0,201512.0
86508.01879882812,2125.0,-4.0,-2.0,201505.0
86526.70166015625,2126.0,-13.0,-10.0,201497.0
86545.38452148438,2127.0,-21.0,-19.0,201488.0
86564.06713867188,2128.0,-25.0,-25.0,201482.0
86582.75,2129.0,-25.0,-28.0,201479.0
86601.43286132812,2130.0,-19.0,-25.0,201482.0
86620.11572265625,2131.0,-13.0,-20.0,201487.0
86638.79858398438,2132.0,-7.0,-14.0,201493.0
86657.4814453125,2133.0,-3.0,-8.0,201499.0
86676.16430664062,2134.0,-1.0,-2.0,201505.0
86694.84716796875,2135.0,2.0,3.0,201510.0
86713.53002929688,2136.0,6.0,8.0,201515.0
86732.21264648438,2137.0,11.0,13.0,201520.0
86750.8955078125,2138.0,16.0,17.0,201524.0
86769.57836914062,2139.0,21.0,20.0,201527.0
86788.26123046875,2140.0,25.0,22.0,201529.0
86806.94409179688,2141.0,27.0,22.0,201529.0
86825.626953125,2142.0,29.0,20.0,201527.0
86844.30981445312,2143.0,30.0,19.0,201526.0
86862.99267578125,2144.0,29.0,17.0,201524.0
86881.67529296875,2145.0,27.0,15.0,201522.0
86900.35815429688,2146.0,25.0,13.0,201520.0
86919.041015625,2147.0,22.0,12.0,201519.0
86937.72387695312,2148.0,21.0,12.0,201519.0
86956.40673828125,2149.0,22.0,12.0,201519.0
86975.08959960938,2150.0,24.0,13.0,201520.0
86993.7724609375,2151.0,27.0,15.0,201522.0
87012.45532226562,2152.0,30.0,19.0,201526.0
87031.13818359375,2153.0,34.0,21.0,201528.0
87049.82080078125,2154.0,37.0,24.0,201531.0
87068.50366210938,2155.0,37.0,25.0,201532.0
87087.1865234375,2156.0,33.0,25.0,201532.0
87105.86938476562,2157.0,27.0,23.0,201530.0
87124.55224609375,2158.0,17.0,18.0,201525.0
87143.23510742188,2159.0,7.0,10.0,201517.0
87161.91796875,2160.0,-5.0,-1.0,201506.0
87180.60083007812,2161.0,-14.0,-11.0,201496.0
87199.28344726562,2162.0,-22.0,-18.0,201489.0
87217.96630859375,2163.0,-26.0,-22.0,201485.0
87236.64916992188,2164.0,-24.0,-23.0,201484.0
87255.33203125,2165.0,-17.0,-18.0,201489.0
87274.01489257812,2166.0,-8.0,-11.0,201496.0
87292.69775390625,2167.0,2.0,-3.0,201504.0
87311.38061523438,2168.0,10.0,5.0,201512.0
87330.0634765625,2169.0,17.0,11.0,201518.0
87348.74609375,2170.0,21.0,15.0,201522.0
87367.42895507812,2171.0,24.0,18.0,201525.0
87386.11181640625,2172.0,26.0,18.0,201525.0
87404.79467773438,2173.0,28.0,18.0,201525.0
87423.4775390625,2174.0,29.0,18.0,201525.0
87442.16040039062,2175.0,31.0,20.0,201527.0
87460.84326171875,2176.0,32.0,22.0,201529.0
87479.52612304688,2177.0,31.0,22.0,201529.0
87498.208984375,2178.0,29.0,21.0,201528.0
87516.8916015625,2179.0,26.0,19.0,201526.0
87535.57446289062,2180.0,25.0,18.0,201525.0
87554.25732421875,2181.0,27.0,16.0,201523.0
87572.94018554688,2182.0,30.0,17.0,201524.0
87591.623046875,2183.0,33.0,19.0,201526.0
87610.30590820312,2184.0,37.0,21.0,201528.0
87628.98876953125,2185.0,41.0,22.0,201529.0
87647.67163085938,2186.0,43.0,23.0,201530.0
87666.35424804688,2187.0,45.0,26.0,201533.0
87685.037109375,2188.0,46.0,29.0,201536.0
87703.71997070312,2189.0,47.0,30.0,201537.0
87722.40283203125,2190.0,48.0,33.0,201540.0
87741.08569335938,2191.0,49.0,37.0,201544.0
87759.7685546875,2192.0,51.0,39.0,201546.0
87778.45141601562,2193.0,50.0,39.0,201546.0
87797.13427734375,2194.0,46.0,34.0,201541.0
87815.81713867188,2195.0,39.0,26.0,201533.0
87834.49975585938,2196.0,31.0,16.0,201523.0
87853.1826171875,2197.0,24.0,6.0,201513.0
87871.86547851562,2198.0,18.0,-4.0,201503.0
87890.54833984375,2199.0,13.0,-8.0,201499.0
87909.23120117188,2200.0,10.0,-9.0,201498.0
87927.9140625,2201.0,9.0,-6.0,201501.0
87946.59692382812,2202.0,10.0,-3.0,201504.0
87965.27978515625,2203.0,11.0,1.0,201508.0
87983.96240234375,2204.0,14.0,5.0,201512.0
88002.64526367188,2205.0,18.0,9.0,201516.0
88021.328125,2206.0,22.0,12.0,201519.0
88040.01098632812,2207.0,24.0,15.0,201522.0
88058.69384765625,2208.0,26.0,15.0,201522.0
88077.37670898438,2209.0,28.0,17.0,201524.0
88096.0595703125,2210.0,31.0,18.0,201525.0
88114.74243164062,2211.0,32.0,21.0,201528.0
88133.42529296875,2212.0,34.0,23.0,201530.0
88152.10791015625,2213.0,36.0,24.0,201531.0
88170.79077148438,2214.0,37.0,24.0,201531.0
88189.4736328125,2215.0,37.0,24.0,201531.0
88208.15649414062,2216.0,36.0,23.0,201530.0
88226.83935546875,2217.0,34.0,23.0,201530.0
88245.52221679688,2218.0,33.0,22.0,201529.0
88264.205078125,2219.0,33.0,22.0,201529.0
88282.88793945312,2220.0,34.0,21.0,201528.0
88301.57055664062,2221.0,36.0,22.0,201529.0
88320.25341796875,2222.0,38.0,24.0,201531.0
88338.93627929688,2223.0,38.0,24.0,201531.0
88357.619140625,2224.0,36.0,24.0,201531.0
88376.30200195312,2225.0,36.0,25.0,201532.0
88394.98486328125,2226.0,36.0,26.0,201533.0
88413.66772460938,2227.0,37.0,28.0,201535.0
88432.3505859375,2228.0,37.0,28.0,201535.0
88451.033203125,2229.0,38.0,28.0,201535.0
88469.71606445312,2230.0,37.0,28.0,201535.0
88488.39892578125,2231.0,33.0,23.0,201530.0
88507.08178710938,2232.0,26.0,15.0,201522.0
88525.7646484375,2233.0,17.0,4.0,201511.0
88544.44750976562,2234.0,8.0,-7.0,201500.0
88563.13037109375,2235.0,1.0,-15.0,201492.0
88581.81323242188,2236.0,-3.0,-19.0,201488.0
88600.49609375,2237.0,-5.0,-20.0,201487.0
88619.1787109375,2238.0,-3.0,-17.0,201490.0
88637.86157226562,2239.0,-1.0,-14.0,201493.0
88656.54443359375,2240.0,3.0,-8.0,201499.0
88675.22729492188,2241.0,8.0,-3.0,201504.0
88693.91015625,2242.0,13.0,2.0,201509.0
88712.59301757812,2243.0,17.0,5.0,201512.0
88731.27587890625,2244.0,19.0,6.0,201513.0
88749.95874023438,2245.0,19.0,7.0,201514.0
88768.64135742188,2246.0,16.0,7.0,201514.0
88787.32421875,2247.0,13.0,7.0,201514.0
88806.00708007812,2248.0,12.0,8.0,201515.0
88824.68994140625,2249.0,12.0,9.0,201516.0
88843.37280273438,2250.0,16.0,10.0,201517.0
88862.0556640625,2251.0,19.0,13.0,201520.0
88880.73852539062,2252.0,19.0,14.0,201521.0
88899.42138671875,2253.0,17.0,14.0,201521.0
88918.10424804688,2254.0,12.0,13.0,201520.0
88936.78686523438,2255.0,5.0,10.0,201517.0
88955.4697265625,2256.0,-1.0,7.0,201514.0
88974.15258789062,2257.0,-6.0,5.0,201512.0
88992.83544921875,2258.0,-6.0,6.0,201513.0
89011.51831054688,2259.0,-2.0,8.0,201515.0
89030.201171875,2260.0,5.0,12.0,201519.0
89048.88403320312,2261.0,13.0,16.0,201523.0
89067.56689453125,2262.0,19.0,19.0,201526.0
89086.24951171875,2263.0,24.0,22.0,201529.0
89104.93237304688,2264.0,27.0,24.0,201531.0
89123.615234375,2265.0,28.0,24.0,201531.0
89142.29809570312,2266.0,27.0,23.0,201530.0
89160.98095703125,2267.0,22.0,18.0,201525.0
89179.66381835938,2268.0,15.0,8.0,201515.0
89198.3466796875,2269.0,6.0,-4.0,201503.0
89217.02954101562,2270.0,-3.0,-12.0,201495.0
89235.71240234375,2271.0,-11.0,-19.0,201488.0
89254.39501953125,2272.0,-16.0,-22.0,201485.0
89273.07788085938,2273.0,-16.0,-22.0,201485.0
89291.7607421875,2274.0,-12.0,-19.0,201488.0
89310.44360351562,2275.0,-2.0,-14.0,201493.0
89329.12646484375,2276.0,8.0,-8.0,201499.0
89347.80932617188,2277.0,18.0,-2.0,201505.0
89366.4921875,2278.0,25.0,4.0,201511.0
89385.17504882812,2279.0,29.0,8.0,201515.0
89403.85766601562,2280.0,30.0,11.0,201518.0
89422.54052734375,2281.0,29.0,13.0,201520.0
89441.22338867188,2282.0,27.0,14.0,201521.0
89459.90625,2283.0,24.0,13.0,201520.0
89478.58911132812,2284.0,21.0,14.0,201521.0
89497.27197265625,2285.0,20.0,15.0,201522.0
89515.95483398438,2286.0,21.0,16.0,201523.0
89534.6376953125,2287.0,21.0,16.0,201523.0
89553.3203125,2288.0,21.0,16.0,201523.0
89572.00317382812,2289.0,18.0,13.0,201520.0
89590.68603515625,2290.0,14.0,12.0,201519.0
89609.36889648438,2291.0,9.0,10.0,201517.0
89628.0517578125,2292.0,6.0,8.0,201515.0
89646.73461914062,2293.0,5.0,8.0,201515.0
89665.41748046875,2294.0,6.0,9.0,201516.0
89684.10034179688,2295.0,9.0,11.0,201518.0
89702.783203125,2296.0,14.0,14.0,201521.0
89721.4658203125,2297.0,18.0,16.0,201523.0
89740.14868164062,2298.0,22.0,20.0,201527.0
89758.83154296875,2299.0,23.0,22.0,201529.0
89777.51440429688,2300.0,19.0,21.0,201528.0
89796.197265625,2301.0,10.0,14.0,201521.0
89814.88012695312,2302.0,-1.0,3.0,201510.0
89833.56298828125,2303.0,-12.0,-8.0,201499.0
89852.24584960938,2304.0,-21.0,-17.0,201490.0
89870.92846679688,2305.0,-24.0,-22.0,201485.0
89889.611328125,2306.0,-25.0,-24.0,201483.0
89908.29418945312,2307.0,-21.0,-22.0,201485.0
89926.97705078125,2308.0,-14.0,-17.0,201490.0
89945.65991210938,2309.0,-7.0,-11.0,201496.0
89964.3427734375,2310.0,0.0,-5.0,201502.0
89983.02563476562,2311.0,6.0,0.0,201507.0
90001.70849609375,2312.0,10.0,5.0,201512.0
90020.39135742188,2313.0,13.0,8.0,201515.0
90039.07397460938,2314.0,14.0,11.0,201518.0
90057.7568359375,2315.0,12.0,11.0,201518.0
90076.43969726562,2316.0,12.0,11.0,201518.0
90095.12255859375,2317.0,13.0,12.0,201519.0
90113.80541992188,2318.0,16.0,15.0,201522.0
90132.48828125,2319.0,19.0,17.0,201524.0
90151.17114257812,2320.0,19.0,17.0,201524.0
90169.85400390625,2321.0,15.0,15.0,201522.0
90188.53662109375,2322.0,10.0,11.0,201518.0
90207.21948242188,2323.0,6.0,9.0,201516.0
90225.90234375,2324.0,3.0,8.0,201515.0
90244.58520507812,2325.0,3.0,8.0,201515.0
90263.26806640625,2326.0,4.0,9.0,201516.0
90281.95092773438,2327.0,6.0,12.0,201519.0
90300.6337890625,2328.0,9.0,16.0,201523.0
90319.31665039062,2329.0,12.0,20.0,201527.0
90337.99951171875,2330.0,13.0,23.0,201530.0
90356.68212890625,2331.0,13.0,27.0,201534.0
90375.36499023438,2332.0,13.0,30.0,201537.0
90394.0478515625,2333.0,12.0,31.0,201538.0
90412.73071289062,2334.0,11.0,29.0,201536.0
90431.41357421875,2335.0,8.0,26.0,201533.0
90450.09643554688,2336.0,1.0,19.0,201526.0
90468.779296875,2337.0,-7.0,8.0,201515.0
90487.46215820312,2338.0,-16.0,-4.0,201503.0
90506.14477539062,2339.0,-25.0,-13.0,201494.0
90524.82763671875,2340.0,-31.0,-19.0,201488.0
90543.51049804688,2341.0,-34.0,-19.0,201488.0
90562.193359375,2342.0,-35.0,-17.0,201490.0
90580.87622070312,2343.0,-30.0,-12.0,201495.0
90599.55908203125,2344.0,-23.0,-6.0,201501.0
90618.24194335938,2345.0,-12.0,1.0,201508.0
90636.9248046875,2346.0,1.0,8.0,201515.0
90655.607421875,2347.0,12.0,13.0,201520.0
90674.29028320312,2348.0,20.0,18.0,201525.0
90692.97314453125,2349.0,25.0,22.0,201529.0
90711.65600585938,2350.0,27.0,24.0,201531.0
90730.3388671875,2351.0,27.0,25.0,201532.0
90749.02172851562,2352.0,27.0,26.0,201533.0
90767.70458984375,2353.0,27.0,28.0,201535.0
90786.38745117188,2354.0,27.0,29.0,201536.0
90805.0703125,2355.0,26.0,29.0,201536.0
90823.7529296875,2356.0,24.0,27.0,201534.0
90842.43579101562,2357.0,21.0,23.0,201530.0
90861.11865234375,2358.0,17.0,20.0,201527.0
90879.80151367188,2359.0,15.0,17.0,201524.0
90898.484375,2360.0,14.0,16.0,201523.0
90917.16723632812,2361.0,13.0,16.0,201523.0
90935.85009765625,2362.0,13.0,16.0,201523.0
90954.53295898438,2363.0,12.0,17.0,201524.0
90973.21557617188,2364.0,12.0,19.0,201526.0
90991.8984375,2365.0,12.0,21.0,201528.0
91010.58129882812,2366.0,13.0,23.0,201530.0
91029.26416015625,2367.0,14.0,24.0,201531.0
91047.94702148438,2368.0,15.0,25.0,201532.0
91066.6298828125,2369.0,17.0,27.0,201534.0
91085.31274414062,2370.0,19.0,28.0,201535.0
91103.99560546875,2371.0,22.0,30.0,201537.0
91122.67846679688,2372.0,23.0,29.0,201536.0
91141.36108398438,2373.0,19.0,22.0,201529.0
91160.0439453125,2374.0,11.0,13.0,201520.0
91178.72680664062,2375.0,3.0,3.0,201510.0
91197.40966796875,2376.0,-6.0,-6.0,201501.0
91216.09252929688,2377.0,-11.0,-13.0,201494.0
91234.775390625,2378.0,-14.0,-16.0,201491.0
91253.45825195312,2379.0,-13.0,-16.0,201491.0
91272.14111328125,2380.0,-12.0,-13.0,201494.0
91290.82373046875,2381.0,-11.0,-10.0,201497.0
91309.50659179688,2382.0,-10.0,-8.0,201499.0
91328.189453125,2383.0,-10.0,-7.0,201500.0
91346.87231445312,2384.0,-11.0,-6.0,201501.0
91365.55517578125,2385.0,-12.0,-5.0,201502.0
91384.23803710938,2386.0,-12.0,-5.0,201502.0
91402.9208984375,2387.0,-14.0,-5.0,201502.0
91421.60375976562,2388.0,-13.0,-4.0,201503.0
91440.28662109375,2389.0,-10.0,-2.0,201505.0
91458.96923828125,2390.0,-6.0,0.0,201507.0
91477.65209960938,2391.0,-1.0,2.0,201509.0
91496.3349609375,2392.0,2.0,3.0,201510.0
91515.01782226562,2393.0,2.0,4.0,201511.0
91533.70068359375,2394.0,0.0,2.0,201509.0
91552.38354492188,2395.0,-4.0,0.0,201507.0
91571.06640625,2396.0,-7.0,-3.0,201504.0
91589.74926757812,2397.0,-10.0,-5.0,201502.0
91608.43188476562,2398.0,-12.0,-5.0,201502.0
91627.11474609375,2399.0,-14.0,-5.0,201502.0
91645.79760742188,2400.0,-14.0,-4.0,201503.0
91664.48046875,2401.0,-14.0,0.0,201507.0
91683.16333007812,2402.0,-12.0,3.0,201510.0
91701.84619140625,2403.0,-10.0,6.0,201513.0
91720.52905273438,2404.0,-8.0,6.0,201513.0
91739.2119140625,2405.0,-4.0,8.0,201515.0
91757.89453125,2406.0,-2.0,10.0,201517.0
91776.57739257812,2407.0,-1.0,11.0,201518.0
91795.26025390625,2408.0,-3.0,10.0,201517.0
91813.94311523438,2409.0,-8.0,5.0,201512.0
91832.6259765625,2410.0,-14.0,-2.0,201505.0
91851.30883789062,2411.0,-20.0,-11.0,201496.0
91869.99169921875,2412.0,-27.0,-19.0,201488.0
91888.67456054688,2413.0,-31.0,-25.0,201482.0
91907.357421875,2414.0,-34.0,-28.0,201479.0
91926.0400390625,2415.0,-34.0,-29.0,201478.0
91944.72290039062,2416.0,-32.0,-26.0,201481.0
91963.40576171875,2417.0,-29.0,-21.0,201486.0
91982.08862304688,2418.0,-25.0,-16.0,201491.0
92000.771484375,2419.0,-19.0,-11.0,201496.0
92019.45434570312,2420.0,-14.0,-6.0,201501.0
92038.13720703125,2421.0,-7.0,-2.0,201505.0
92056.82006835938,2422.0,-2.0,1.0,201508.0
92075.50268554688,2423.0,3.0,2.0,201509.0
92094.185546875,2424.0,6.0,4.0,201511.0
92112.86840820312,2425.0,7.0,6.0,201513.0
92131.55126953125,2426.0,7.0,7.0,201514.0
92150.23413085938,2427.0,7.0,9.0,201516.0
92168.9169921875,2428.0,6.0,9.0,201516.0
92187.59985351562,2429.0,4.0,7.0,201514.0
92206.28271484375,2430.0,1.0,5.0,201512.0
92224.96557617188,2431.0,-3.0,2.0,201509.0
92243.64819335938,2432.0,-6.0,0.0,201507.0
92262.3310546875,2433.0,-7.0,-1.0,201506.0
92281.01391601562,2434.0,-9.0,0.0,201507.0
92299.69677734375,2435.0,-9.0,2.0,201509.0
92318.37963867188,2436.0,-8.0,4.0,201511.0
92337.0625,2437.0,-6.0,6.0,201513.0
92355.74536132812,2438.0,-5.0,9.0,201516.0
92374.42822265625,2439.0,-5.0,11.0,201518.0
92393.11083984375,2440.0,-4.0,12.0,201519.0
92411.79370117188,2441.0,-3.0,13.0,201520.0
92430.4765625,2442.0,-2.0,11.0,201518.0
92449.15942382812,2443.0,-4.0,5.0,201512.0
92467.84228515625,2444.0,-9.0,-4.0,201503.0
92486.52514648438,2445.0,-16.0,-13.0,201494.0
92505.2080078125,2446.0,-23.0,-20.0,201487.0
92523.89086914062,2447.0,-27.0,-24.0,201483.0
92542.57373046875,2448.0,-29.0,-24.0,201483.0
92561.25634765625,2449.0,-30.0,-24.0,201483.0
92579.93920898438,2450.0,-30.0,-21.0,201486.0
92598.6220703125,2451.0,-29.0,-18.0,201489.0
92617.30493164062,2452.0,-29.0,-12.0,201495.0
92635.98779296875,2453.0,-26.0,-8.0,201499.0
92654.67065429688,2454.0,-20.0,-3.0,201504.0
92673.353515625,2455.0,-15.0,1.0,201508.0
92692.03637695312,2456.0,-12.0,6.0,201513.0
92710.71899414062,2457.0,-8.0,9.0,201516.0
92729.40185546875,2458.0,-5.0,12.0,201519.0
92748.08471679688,2459.0,-2.0,13.0,201520.0
92766.767578125,2460.0,0.0,14.0,201521.0
92785.45043945312,2461.0,0.0,12.0,201519.0
92804.13330078125,2462.0,-2.0,10.0,201517.0
92822.81616210938,2463.0,-5.0,6.0,201513.0
92841.4990234375,2464.0,-6.0,3.0,201510.0
92860.181640625,2465.0,-5.0,0.0,201507.0
92878.86450195312,2466.0,-4.0,-2.0,201505.0
92897.54736328125,2467.0,-4.0,-3.0,201504.0
92916.23022460938,2468.0,-3.0,-2.0,201505.0
92934.9130859375,2469.0,-2.0,1.0,201508.0
92953.59594726562,2470.0,-1.0,3.0,201510.0
92972.27880859375,2471.0,0.0,6.0,201513.0
92990.96166992188,2472.0,1.0,8.0,201515.0
93009.64453125,2473.0,1.0,10.0,201517.0
93028.3271484375,2474.0,1.0,13.0,201520.0
93047.01000976562,2475.0,0.0,14.0,201521.0
93065.69287109375,2476.0,-2.0,13.0,201520.0
93084.37573242188,2477.0,-6.0,5.0,201512.0
93103.05859375,2478.0,-11.0,-4.0,201503.0
93121.74145507812,2479.0,-17.0,-15.0,201492.0
93140.42431640625,2480.0,-23.0,-23.0,201484.0
93159.10717773438,2481.0,-27.0,-31.0,201476.0
93177.78979492188,2482.0,-31.0,-35.0,201472.0
93196.47265625,2483.0,-31.0,-33.0,201474.0
93215.15551757812,2484.0,-28.0,-29.0,201478.0
93233.83837890625,2485.0,-24.0,-22.0,201485.0
93252.52124023438,2486.0,-18.0,-15.0,201492.0
93271.2041015625,2487.0,-12.0,-8.0,201499.0
93289.88696289062,2488.0,-5.0,-3.0,201504.0
93308.56982421875,2489.0,0.0,2.0,201509.0
93327.25268554688,2490.0,4.0,6.0,201513.0
93345.93530273438,2491.0,7.0,9.0,201516.0
93364.6181640625,2492.0,10.0,11.0,201518.0
93383.30102539062,2493.0,10.0,13.0,201520.0
93401.98388671875,2494.0,10.0,14.0,201521.0
93420.66674804688,2495.0,9.0,13.0,201520.0
93439.349609375,2496.0,6.0,10.0,201517.0
93458.03247070312,2497.0,2.0,6.0,201513.0
93476.71533203125,2498.0,-1.0,2.0,201509.0
93495.39794921875,2499.0,-3.0,1.0,201508.0
93514.08081054688,2500.0,-5.0,0.0,201507.0
93532.763671875,2501.0,-5.0,1.0,201508.0
93551.44653320312,2502.0,-4.0,3.0,201510.0
93570.12939453125,2503.0,-3.0,5.0,201512.0
93588.81225585938,2504.0,-3.0,7.0,201514.0
93607.4951171875,2505.0,-2.0,9.0,201516.0
93626.17797851562,2506.0,1.0,10.0,201517.0
93644.86083984375,2507.0,4.0,11.0,201518.0
93663.54345703125,2508.0,7.0,11.0,201518.0
93682.22631835938,2509.0,10.0,12.0,201519.0
93700.9091796875,2510.0,11.0,12.0,201519.0
93719.59204101562,2511.0,8.0,10.0,201517.0
93738.27490234375,2512.0,1.0,4.0,201511.0
93756.95776367188,2513.0,-10.0,-5.0,201502.0
93775.640625,2514.0,-22.0,-14.0,201493.0
93794.32348632812,2515.0,-30.0,-21.0,201486.0
93813.00610351562,2516.0,-35.0,-25.0,201482.0
93831.68896484375,2517.0,-36.0,-26.0,201481.0
93850.37182617188,2518.0,-32.0,-24.0,201483.0
93869.0546875,2519.0,-27.0,-20.0,201487.0
93887.73754882812,2520.0,-20.0,-14.0,201493.0
93906.42041015625,2521.0,-14.0,-10.0,201497.0
93925.10327148438,2522.0,-7.0,-5.0,201502.0
93943.7861328125,2523.0,-2.0,1.0,201508.0
93962.46875,2524.0,3.0,6.0,201513.0
93981.15161132812,2525.0,5.0,10.0,201517.0
93999.83447265625,2526.0,5.0,13.0,201520.0
94018.51733398438,2527.0,4.0,15.0,201522.0
94037.2001953125,2528.0,4.0,15.0,201522.0
94055.88305664062,2529.0,3.0,15.0,201522.0
94074.56591796875,2530.0,1.0,13.0,201520.0
94093.24877929688,2531.0,-3.0,9.0,201516.0
94111.931640625,2532.0,-7.0,5.0,201512.0
94130.6142578125,2533.0,-11.0,1.0,201508.0
94149.29711914062,2534.0,-14.0,-3.0,201504.0
94167.97998046875,2535.0,-18.0,-7.0,201500.0
94186.66284179688,2536.0,-19.0,-9.0,201498.0
94205.345703125,2537.0,-19.0,-9.0,201498.0
94224.02856445312,2538.0,-16.0,-8.0,201499.0
94242.71142578125,2539.0,-12.0,-5.0,201502.0
94261.39428710938,2540.0,-8.0,-1.0,201506.0
94280.07690429688,2541.0,-3.0,4.0,201511.0
94298.759765625,2542.0,2.0,8.0,201515.0
94317.44262695312,2543.0,3.0,11.0,201518.0
94336.12548828125,2544.0,2.0,12.0,201519.0
94354.80834960938,2545.0,-1.0,11.0,201518.0
94373.4912109375,2546.0,-4.0,8.0,201515.0
94392.17407226562,2547.0,-11.0,4.0,201511.0
94410.85693359375,2548.0,-21.0,-5.0,201502.0
94429.53979492188,2549.0,-32.0,-15.0,201492.0
94448.22241210938,2550.0,-40.0,-25.0,201482.0
94466.9052734375,2551.0,-46.0,-33.0,201474.0
94485.58813476562,2552.0,-47.0,-36.0,201471.0
94504.27099609375,2553.0,-47.0,-38.0,201469.0
94522.95385742188,2554.0,-42.0,-36.0,201471.0
94541.63671875,2555.0,-38.0,-33.0,201474.0
94560.31958007812,2556.0,-31.0,-28.0,201479.0
94579.00244140625,2557.0,-25.0,-21.0,201486.0
94597.68505859375,2558.0,-18.0,-16.0,201491.0
94616.36791992188,2559.0,-11.0,-10.0,201497.0
94635.05078125,2560.0,-5.0,-5.0,201502.0
94653.73364257812,2561.0,2.0,0.0,201507.0
94672.41650390625,2562.0,8.0,4.0,201511.0
94691.09936523438,2563.0,16.0,8.0,201515.0
94709.7822265625,2564.0,23.0,10.0,201517.0
94728.46508789062,2565.0,27.0,11.0,201518.0
94747.14794921875,2566.0,29.0,9.0,201516.0
94765.83056640625,2567.0,27.0,6.0,201513.0
94784.51342773438,2568.0,24.0,2.0,201509.0
94803.1962890625,2569.0,19.0,0.0,201507.0
94821.87915039062,2570.0,16.0,-2.0,201505.0
94840.56201171875,2571.0,12.0,-3.0,201504.0
94859.24487304688,2572.0,8.0,-4.0,201503.0
94877.927734375,2573.0,3.0,-5.0,201502.0
94896.61059570312,2574.0,0.0,-5.0,201502.0
94915.29321289062,2575.0,-3.0,-5.0,201502.0
94933.97607421875,2576.0,-5.0,-4.0,201503.0
94952.65893554688,2577.0,-6.0,-2.0,201505.0
94971.341796875,2578.0,-5.0,1.0,201508.0
94990.02465820312,2579.0,-4.0,4.0,201511.0
95008.70751953125,2580.0,-2.0,5.0,201512.0
95027.39038085938,2581.0,-1.0,5.0,201512.0
95046.0732421875,2582.0,-2.0,0.0,201507.0
95064.755859375,2583.0,-8.0,-8.0,201499.0
95083.43872070312,2584.0,-17.0,-19.0,201488.0
95102.12158203125,2585.0,-26.0,-28.0,201479.0
95120.80444335938,2586.0,-33.0,-35.0,201472.0
95139.4873046875,2587.0,-39.0,-40.0,201467.0
95158.17016601562,2588.0,-41.0,-41.0,201466.0
95176.85302734375,2589.0,-40.0,-40.0,201467.0
95195.53588867188,2590.0,-38.0,-36.0,201471.0
95214.21875,2591.0,-34.0,-33.0,201474.0
95232.9013671875,2592.0,-28.0,-29.0,201478.0
95251.58422851562,2593.0,-20.0,-22.0,201485.0
95270.26708984375,2594.0,-13.0,-17.0,201490.0
95288.94995117188,2595.0,-7.0,-11.0,201496.0
95307.6328125,2596.0,-1.0,-6.0,201501.0
95326.31567382812,2597.0,3.0,-3.0,201504.0
95344.99853515625,2598.0,7.0,0.0,201507.0
95363.68139648438,2599.0,9.0,1.0,201508.0
95382.36401367188,2600.0,8.0,-1.0,201506.0
95401.046875,2601.0,4.0,-5.0,201502.0
95419.72973632812,2602.0,-2.0,-9.0,201498.0
95438.41259765625,2603.0,-7.0,-12.0,201495.0
95457.09545898438,2604.0,-10.0,-15.0,201492.0
95475.7783203125,2605.0,-11.0,-16.0,201491.0
95494.46118164062,2606.0,-11.0,-16.0,201491.0
95513.14404296875,2607.0,-12.0,-17.0,201490.0
95531.82690429688,2608.0,-12.0,-16.0,201491.0
95550.50952148438,2609.0,-12.0,-15.0,201492.0
95569.1923828125,2610.0,-11.0,-13.0,201494.0
95587.87524414062,2611.0,-9.0,-10.0,201497.0
95606.55810546875,2612.0,-7.0,-7.0,201500.0
95625.24096679688,2613.0,-3.0,-5.0,201502.0
95643.923828125,2614.0,0.0,-3.0,201504.0
95662.60668945312,2615.0,-1.0,-5.0,201502.0
95681.28955078125,2616.0,-6.0,-10.0,201497.0
95699.97216796875,2617.0,-14.0,-18.0,201489.0
95718.65502929688,2618.0,-23.0,-26.0,201481.0
95737.337890625,2619.0,-28.0,-34.0,201473.0
95756.02075195312,2620.0,-33.0,-40.0,201467.0
95774.70361328125,2621.0,-35.0,-42.0,201465.0
95793.38647460938,2622.0,-35.0,-41.0,201466.0
95812.0693359375,2623.0,-35.0,-37.0,201470.0
95830.75219726562,2624.0,-33.0,-33.0,201474.0
95849.43505859375,2625.0,-31.0,-27.0,201480.0
95868.11767578125,2626.0,-27.0,-21.0,201486.0
95886.80053710938,2627.0,-20.0,-15.0,201492.0
95905.4833984375,2628.0,-13.0,-10.0,201497.0
95924.16625976562,2629.0,-5.0,-5.0,201502.0
95942.84912109375,2630.0,1.0,-1.0,201506.0
95961.53198242188,2631.0,5.0,3.0,201510.0
95980.21484375,2632.0,7.0,5.0,201512.0
95998.89770507812,2633.0,7.0,5.0,201512.0
96017.58032226562,2634.0,6.0,4.0,201511.0
96036.26318359375,2635.0,3.0,2.0,201509.0
96054.94604492188,2636.0,-1.0,-2.0,201505.0
96073.62890625,2637.0,-5.0,-4.0,201503.0
96092.31176757812,2638.0,-7.0,-7.0,201500.0
96110.99462890625,2639.0,-9.0,-7.0,201500.0
96129.67749023438,2640.0,-9.0,-5.0,201502.0
96148.3603515625,2641.0,-9.0,-2.0,201505.0
96167.04296875,2642.0,-8.0,0.0,201507.0
96185.72583007812,2643.0,-6.0,2.0,201509.0
96204.40869140625,2644.0,-2.0,4.0,201511.0
96223.09155273438,2645.0,1.0,6.0,201513.0
96241.7744140625,2646.0,3.0,7.0,201514.0
96260.45727539062,2647.0,4.0,8.0,201515.0
96279.14013671875,2648.0,3.0,9.0,201516.0
96297.82299804688,2649.0,1.0,8.0,201515.0
96316.505859375,2650.0,-4.0,3.0,201510.0
96335.1884765625,2651.0,-10.0,-5.0,201502.0
96353.87133789062,2652.0,-17.0,-14.0,201493.0
96372.55419921875,2653.0,-25.0,-21.0,201486.0
96391.23706054688,2654.0,-32.0,-27.0,201480.0
96409.919921875,2655.0,-36.0,-30.0,201477.0
96428.60278320312,2656.0,-37.0,-30.0,201477.0
96447.28564453125,2657.0,-35.0,-28.0,201479.0
96465.96850585938,2658.0,-29.0,-23.0,201484.0
96484.65112304688,2659.0,-23.0,-17.0,201490.0
96503.333984375,2660.0,-16.0,-9.0,201498.0
96522.01684570312,2661.0,-9.0,-3.0,201504.0
96540.69970703125,2662.0,-3.0,3.0,201510.0
96559.38256835938,2663.0,2.0,7.0,201514.0
96578.0654296875,2664.0,7.0,10.0,201517.0
96596.74829101562,2665.0,10.0,12.0,201519.0
96615.43115234375,2666.0,11.0,13.0,201520.0
96634.11401367188,2667.0,10.0,11.0,201518.0
96652.79663085938,2668.0,8.0,9.0,201516.0
96671.4794921875,2669.0,4.0,7.0,201514.0
96690.16235351562,2670.0,1.0,4.0,201511.0
96708.84521484375,2671.0,-1.0,2.0,201509.0
96727.52807617188,2672.0,-2.0,1.0,201508.0
96746.2109375,2673.0,-2.0,0.0,201507.0
96764.89379882812,2674.0,-2.0,-1.0,201506.0
96783.57666015625,2675.0,-1.0,-1.0,201506.0
96802.25927734375,2676.0,-1.0,-1.0,201506.0
96820.94213867188,2677.0,0.0,0.0,201507.0
96839.625,2678.0,0.0,3.0,201510.0
96858.30786132812,2679.0,2.0,6.0,201513.0
96876.99072265625,2680.0,5.0,9.0,201516.0
96895.67358398438,2681.0,10.0,12.0,201519.0
96914.3564453125,2682.0,15.0,14.0,201521.0
96933.03930664062,2683.0,18.0,16.0,201523.0
96951.72216796875,2684.0,17.0,14.0,201521.0
96970.40478515625,2685.0,11.0,8.0,201515.0
96989.08764648438,2686.0,-1.0,0.0,201507.0
97007.7705078125,2687.0,-13.0,-10.0,201497.0
97026.45336914062,2688.0,-23.0,-18.0,201489.0
97045.13623046875,2689.0,-31.0,-24.0,201483.0
97063.81909179688,2690.0,-34.0,-24.0,201483.0
97082.501953125,2691.0,-34.0,-23.0,201484.0
97101.18481445312,2692.0,-32.0,-19.0,201488.0
97119.86743164062,2693.0,-28.0,-13.0,201494.0
97138.55029296875,2694.0,-21.0,-8.0,201499.0
97157.23315429688,2695.0,-15.0,-4.0,201503.0
97175.916015625,2696.0,-9.0,0.0,201507.0
97194.59887695312,2697.0,-5.0,3.0,201510.0
97213.28173828125,2698.0,0.0,7.0,201514.0
97231.96459960938,2699.0,4.0,11.0,201518.0
97250.6474609375,2700.0,8.0,14.0,201521.0
97269.330078125,2701.0,10.0,15.0,201522.0
97288.01293945312,2702.0,10.0,13.0,201520.0
97306.69580078125,2703.0,8.0,11.0,201518.0
97325.37866210938,2704.0,6.0,7.0,201514.0
97344.0615234375,2705.0,3.0,3.0,201510.0
97362.74438476562,2706.0,0.0,0.0,201507.0
97381.42724609375,2707.0,-1.0,-2.0,201505.0
97400.11010742188,2708.0,-2.0,-2.0,201505.0
97418.79296875,2709.0,-2.0,-1.0,201506.0
97437.4755859375,2710.0,-2.0,2.0,201509.0
97456.15844726562,2711.0,-1.0,4.0,201511.0
97474.84130859375,2712.0,1.0,6.0,201513.0
97493.52416992188,2713.0,3.0,7.0,201514.0
97512.20703125,2714.0,4.0,9.0,201516.0
97530.88989257812,2715.0,7.0,10.0,201517.0
97549.57275390625,2716.0,11.0,12.0,201519.0
97568.25561523438,2717.0,14.0,13.0,201520.0
97586.93823242188,2718.0,19.0,16.0,201523.0
97605.62109375,2719.0,23.0,19.0,201526.0
97624.30395507812,2720.0,28.0,21.0,201528.0
97642.98681640625,2721.0,33.0,24.0,201531.0
97661.66967773438,2722.0,34.0,24.0,201531.0
97680.3525390625,2723.0,32.0,21.0,201528.0
97699.03540039062,2724.0,23.0,15.0,201522.0
97717.71826171875,2725.0,10.0,4.0,201511.0
97736.40112304688,2726.0,-3.0,-7.0,201500.0
97755.08374023438,2727.0,-12.0,-17.0,201490.0
97773.7666015625,2728.0,-17.0,-24.0,201483.0
97792.44946289062,2729.0,-17.0,-28.0,201479.0
97811.13232421875,2730.0,-15.0,-27.0,201480.0
97829.81518554688,2731.0,-11.0,-25.0,201482.0
97848.498046875,2732.0,-7.0,-21.0,201486.0
97867.18090820312,2733.0,-3.0,-15.0,201492.0
97885.86376953125,2734.0,0.0,-9.0,201498.0
97904.54638671875,2735.0,5.0,-4.0,201503.0
97923.22924804688,2736.0,11.0,2.0,201509.0
97941.912109375,2737.0,17.0,6.0,201513.0
97960.59497070312,2738.0,21.0,9.0,201516.0
97979.27783203125,2739.0,23.0,11.0,201518.0
97997.96069335938,2740.0,22.0,11.0,201518.0
98016.6435546875,2741.0,19.0,9.0,201516.0
98035.32641601562,2742.0,14.0,7.0,201514.0
98054.00927734375,2743.0,9.0,4.0,201511.0
98072.69189453125,2744.0,4.0,1.0,201508.0
98091.37475585938,2745.0,0.0,-3.0,201504.0
98110.0576171875,2746.0,-1.0,-6.0,201501.0
98128.74047851562,2747.0,-2.0,-7.0,201500.0
98147.42333984375,2748.0,-1.0,-8.0,201499.0
98166.10620117188,2749.0,0.0,-6.0,201501.0
98184.7890625,2750.0,2.0,-3.0,201504.0
98203.47192382812,2751.0,3.0,0.0,201507.0
98222.15454101562,2752.0,6.0,3.0,201510.0
98240.83740234375,2753.0,9.0,7.0,201514.0
98259.52026367188,2754.0,10.0,10.0,201517.0
98278.203125,2755.0,12.0,12.0,201519.0
98296.88598632812,2756.0,14.0,13.0,201520.0
98315.56884765625,2757.0,16.0,14.0,201521.0
98334.25170898438,2758.0,18.0,15.0,201522.0
98352.9345703125,2759.0,20.0,17.0,201524.0
98371.6171875,2760.0,20.0,17.0,201524.0
98390.30004882812,2761.0,17.0,12.0,201519.0
98408.98291015625,2762.0,11.0,5.0,201512.0
98427.66577148438,2763.0,3.0,-5.0,201502.0
98446.3486328125,2764.0,-5.0,-16.0,201491.0
98465.03149414062,2765.0,-12.0,-24.0,201483.0
98483.71435546875,2766.0,-17.0,-29.0,201478.0
98502.39721679688,2767.0,-19.0,-31.0,201476.0
98521.080078125,2768.0,-17.0,-29.0,201478.0
98539.7626953125,2769.0,-13.0,-24.0,201483.0
98558.44555664062,2770.0,-9.0,-19.0,201488.0
98577.12841796875,2771.0,-3.0,-13.0,201494.0
98595.81127929688,2772.0,3.0,-8.0,201499.0
98614.494140625,2773.0,8.0,-2.0,201505.0
98633.17700195312,2774.0,11.0,3.0,201510.0
98651.85986328125,2775.0,13.0,6.0,201513.0
98670.54272460938,2776.0,16.0,8.0,201515.0
98689.22534179688,2777.0,16.0,11.0,201518.0
98707.908203125,2778.0,16.0,11.0,201518.0
98726.59106445312,2779.0,14.0,10.0,201517.0
98745.27392578125,2780.0,11.0,7.0,201514.0
98763.95678710938,2781.0,7.0,4.0,201511.0
98782.6396484375,2782.0,4.0,1.0,201508.0
98801.32250976562,2783.0,1.0,-2.0,201505.0
98820.00537109375,2784.0,-1.0,-4.0,201503.0
98838.68823242188,2785.0,-2.0,-5.0,201502.0
98857.37084960938,2786.0,-3.0,-4.0,201503.0
98876.0537109375,2787.0,-4.0,-3.0,201504.0
98894.73657226562,2788.0,-3.0,-2.0,201505.0
98913.41943359375,2789.0,-2.0,0.0,201507.0
98932.10229492188,2790.0,-1.0,2.0,201509.0
98950.78515625,2791.0,1.0,5.0,201512.0
98969.46801757812,2792.0,2.0,7.0,201514.0
98988.15087890625,2793.0,4.0,9.0,201516.0
99006.83349609375,2794.0,6.0,10.0,201517.0
99025.51635742188,2795.0,7.0,11.0,201518.0
99044.19921875,2796.0,5.0,8.0,201515.0
99062.88208007812,2797.0,0.0,2.0,201509.0
99081.56494140625,2798.0,-7.0,-7.0,201500.0
99100.24780273438,2799.0,-14.0,-16.0,201491.0
99118.9306640625,2800.0,-20.0,-25.0,201482.0
99137.61352539062,2801.0,-25.0,-31.0,201476.0
99156.29638671875,2802.0,-26.0,-33.0,201474.0
99174.97900390625,2803.0,-26.0,-32.0,201475.0
99193.66186523438,2804.0,-26.0,-29.0,201478.0
99212.3447265625,2805.0,-24.0,-24.0,201483.0
99231.02758789062,2806.0,-20.0,-19.0,201488.0
99249.71044921875,2807.0,-15.0,-15.0,201492.0
99268.39331054688,2808.0,-10.0,-10.0,201497.0
99287.076171875,2809.0,-5.0,-5.0,201502.0
99305.75903320312,2810.0,1.0,1.0,201508.0
99324.44165039062,2811.0,5.0,6.0,201513.0
99343.12451171875,2812.0,7.0,9.0,201516.0
99361.80737304688,2813.0,9.0,12.0,201519.0
99380.490234375,2814.0,9.0,14.0,201521.0
99399.17309570312,2815.0,9.0,14.0,201521.0
99417.85595703125,2816.0,6.0,12.0,201519.0
99436.53881835938,2817.0,4.0,8.0,201515.0
99455.2216796875,2818.0,1.0,4.0,201511.0
99473.904296875,2819.0,0.0,1.0,201508.0
99492.58715820312,2820.0,-1.0,-1.0,201506.0
99511.27001953125,2821.0,-2.0,-2.0,201505.0
99529.95288085938,2822.0,-2.0,-2.0,201505.0
99548.6357421875,2823.0,-2.0,-2.0,201505.0
99567.31860351562,2824.0,-1.0,-1.0,201506.0
99586.00146484375,2825.0,1.0,1.0,201508.0
99604.68432617188,2826.0,4.0,4.0,201511.0
99623.3671875,2827.0,7.0,8.0,201515.0
99642.0498046875,2828.0,9.0,12.0,201519.0
99660.73266601562,2829.0,10.0,16.0,201523.0
99679.41552734375,2830.0,10.0,17.0,201524.0
99698.09838867188,2831.0,12.0,19.0,201526.0
99716.78125,2832.0,15.0,20.0,201527.0
99735.46411132812,2833.0,15.0,19.0,201526.0
99754.14697265625,2834.0,10.0,12.0,201519.0
99772.82983398438,2835.0,-1.0,2.0,201509.0
99791.51245117188,2836.0,-15.0,-9.0,201498.0
99810.1953125,2837.0,-28.0,-19.0,201488.0
99828.87817382812,2838.0,-38.0,-25.0,201482.0
99847.56103515625,2839.0,-42.0,-29.0,201478.0
99866.24389648438,2840.0,-43.0,-31.0,201476.0
99884.9267578125,2841.0,-40.0,-29.0,201478.0
99903.60961914062,2842.0,-35.0,-26.0,201481.0
99922.29248046875,2843.0,-29.0,-22.0,201485.0
99940.97534179688,2844.0,-25.0,-17.0,201490.0
99959.65795898438,2845.0,-21.0,-12.0,201495.0
99978.3408203125,2846.0,-18.0,-7.0,201500.0
99997.02368164062,2847.0,-15.0,-3.0,201504.0
100015.70654296875,2848.0,-12.0,1.0,201508.0
100034.38940429688,2849.0,-9.0,4.0,201511.0
100053.072265625,2850.0,-7.0,7.0,201514.0
100071.75512695312,2851.0,-5.0,8.0,201515.0
100090.43798828125,2852.0,-4.0,8.0,201515.0
100109.12060546875,2853.0,-4.0,6.0,201513.0
100127.80346679688,2854.0,-6.0,3.0,201510.0
100146.486328125,2855.0,-10.0,-1.0,201506.0
100165.16918945312,2856.0,-15.0,-4.0,201503.0
100183.85205078125,2857.0,-18.0,-7.0,201500.0
100202.53491210938,2858.0,-20.0,-9.0,201498.0
100221.2177734375,2859.0,-18.0,-8.0,201499.0
100239.90063476562,2860.0,-13.0,-5.0,201502.0
100258.58325195312,2861.0,-8.0,-1.0,201506.0
100277.26611328125,2862.0,-3.0,3.0,201510.0
100295.94897460938,2863.0,3.0,7.0,201514.0
100314.6318359375,2864.0,9.0,9.0,201516.0
100333.31469726562,2865.0,14.0,13.0,201520.0
100351.99755859375,2866.0,19.0,16.0,201523.0
100370.68041992188,2867.0,23.0,19.0,201526.0
100389.36328125,2868.0,26.0,20.0,201527.0
100408.04614257812,2869.0,28.0,22.0,201529.0
100426.72875976562,2870.0,28.0,23.0,201530.0
100445.41162109375,2871.0,25.0,22.0,201529.0
100464.09448242188,2872.0,18.0,17.0,201524.0
100482.77734375,2873.0,8.0,9.0,201516.0
100501.46020507812,2874.0,-3.0,-2.0,201505.0
100520.14306640625,2875.0,-16.0,-14.0,201493.0
100538.82592773438,2876.0,-27.0,-24.0,201483.0
100557.5087890625,2877.0,-35.0,-30.0,201477.0
100576.19140625,2878.0,-38.0,-34.0,201473.0
100594.87426757812,2879.0,-36.0,-34.0,201473.0
100613.55712890625,2880.0,-29.0,-29.0,201478.0
100632.23999023438,2881.0,-20.0,-22.0,201485.0
100650.9228515625,2882.0,-12.0,-15.0,201492.0
100669.60571289062,2883.0,-6.0,-6.0,201501.0
100688.28857421875,2884.0,0.0,-1.0,201506.0
100706.97143554688,2885.0,4.0,3.0,201510.0
100725.654296875,2886.0,9.0,7.0,201514.0
100744.3369140625,2887.0,14.0,10.0,201517.0
100763.01977539062,2888.0,18.0,11.0,201518.0
100781.70263671875,2889.0,17.0,10.0,201517.0
100800.38549804688,2890.0,13.0,8.0,201515.0
100819.068359375,2891.0,6.0,4.0,201511.0
100837.75122070312,2892.0,-1.0,-1.0,201506.0
100856.43408203125,2893.0,-8.0,-4.0,201503.0
100875.11694335938,2894.0,-14.0,-7.0,201500.0
100893.79956054688,2895.0,-16.0,-8.0,201499.0
100912.482421875,2896.0,-18.0,-9.0,201498.0
100931.16528320312,2897.0,-18.0,-9.0,201498.0
100949.84814453125,2898.0,-17.0,-6.0,201501.0
100968.53100585938,2899.0,-16.0,-4.0,201503.0
100987.2138671875,2900.0,-13.0,-2.0,201505.0
101005.89672851562,2901.0,-12.0,0.0,201507.0
101024.57958984375,2902.0,-10.0,2.0,201509.0
101043.26245117188,2903.0,-8.0,4.0,201511.0
101061.94506835938,2904.0,-7.0,5.0,201512.0
101080.6279296875,2905.0,-5.0,7.0,201514.0
101099.31079101562,2906.0,-1.0,10.0,201517.0
101117.99365234375,2907.0,5.0,11.0,201518.0
101136.67651367188,2908.0,10.0,14.0,201521.0
101155.359375,2909.0,13.0,15.0,201522.0
101174.04223632812,2910.0,15.0,16.0,201523.0
101192.72509765625,2911.0,17.0,17.0,201524.0
101211.40771484375,2912.0,20.0,19.0,201526.0
101230.09057617188,2913.0,20.0,18.0,201525.0
101248.7734375,2914.0,19.0,16.0,201523.0
101267.45629882812,2915.0,13.0,8.0,201515.0
101286.13916015625,2916.0,3.0,-3.0,201504.0
101304.82202148438,2917.0,-9.0,-16.0,201491.0
101323.5048828125,2918.0,-19.0,-27.0,201480.0
101342.18774414062,2919.0,-26.0,-34.0,201473.0
101360.87036132812,2920.0,-31.0,-37.0,201470.0
101379.55322265625,2921.0,-33.0,-38.0,201469.0
101398.23608398438,2922.0,-31.0,-35.0,201472.0
101416.9189453125,2923.0,-27.0,-30.0,201477.0
101435.60180664062,2924.0,-24.0,-23.0,201484.0
101454.28466796875,2925.0,-20.0,-17.0,201490.0
101472.96752929688,2926.0,-16.0,-11.0,201496.0
101491.650390625,2927.0,-10.0,-5.0,201502.0
101510.33325195312,2928.0,-5.0,-1.0,201506.0
101529.01586914062,2929.0,1.0,2.0,201509.0
101547.69873046875,2930.0,7.0,5.0,201512.0
101566.38159179688,2931.0,12.0,7.0,201514.0
101585.064453125,2932.0,16.0,8.0,201515.0
101603.74731445312,2933.0,17.0,7.0,201514.0
101622.43017578125,2934.0,15.0,5.0,201512.0
101641.11303710938,2935.0,11.0,1.0,201508.0
101659.7958984375,2936.0,5.0,-2.0,201505.0
101678.478515625,2937.0,1.0,-4.0,201503.0
101697.16137695312,2938.0,-3.0,-6.0,201501.0
101715.84423828125,2939.0,-5.0,-8.0,201499.0
101734.52709960938,2940.0,-6.0,-9.0,201498.0
101753.2099609375,2941.0,-5.0,-9.0,201498.0
101771.89282226562,2942.0,-2.0,-7.0,201500.0
101790.57568359375,2943.0,1.0,-5.0,201502.0
101809.25854492188,2944.0,3.0,-3.0,201504.0
101827.94140625,2945.0,5.0,0.0,201507.0
101846.6240234375,2946.0,7.0,4.0,201511.0
101865.30688476562,2947.0,11.0,8.0,201515.0
101883.98974609375,2948.0,15.0,11.0,201518.0
101902.67260742188,2949.0,18.0,14.0,201521.0
101921.35546875,2950.0,19.0,17.0,201524.0
101940.03833007812,2951.0,18.0,18.0,201525.0
101958.72119140625,2952.0,11.0,15.0,201522.0
101977.40405273438,2953.0,-4.0,6.0,201513.0
101996.08666992188,2954.0,-23.0,-7.0,201500.0
102014.76953125,2955.0,-41.0,-19.0,201488.0
102033.45239257812,2956.0,-53.0,-31.0,201476.0
102052.13525390625,2957.0,-61.0,-39.0,201468.0
102070.81811523438,2958.0,-63.0,-42.0,201465.0
102089.5009765625,2959.0,-60.0,-43.0,201464.0
102108.18383789062,2960.0,-55.0,-39.0,201468.0
102126.86669921875,2961.0,-48.0,-33.0,201474.0
102145.54956054688,2962.0,-40.0,-25.0,201482.0
102164.23217773438,2963.0,-34.0,-16.0,201491.0
102182.9150390625,2964.0,-29.0,-9.0,201498.0
102201.59790039062,2965.0,-26.0,-4.0,201503.0
102220.28076171875,2966.0,-24.0,-2.0,201505.0
102238.96362304688,2967.0,-21.0,1.0,201508.0
102257.646484375,2968.0,-18.0,3.0,201510.0
102276.32934570312,2969.0,-15.0,6.0,201513.0
102295.01220703125,2970.0,-13.0,6.0,201513.0
102313.69482421875,2971.0,-12.0,4.0,201511.0
102332.37768554688,2972.0,-13.0,2.0,201509.0
102351.060546875,2973.0,-17.0,-2.0,201505.0
102369.74340820312,2974.0,-22.0,-6.0,201501.0
102388.42626953125,2975.0,-27.0,-9.0,201498.0
102407.10913085938,2976.0,-30.0,-10.0,201497.0
102425.7919921875,2977.0,-29.0,-10.0,201497.0
102444.47485351562,2978.0,-27.0,-9.0,201498.0
102463.15747070312,2979.0,-24.0,-6.0,201501.0
102481.84033203125,2980.0,-22.0,-3.0,201504.0
102500.52319335938,2981.0,-19.0,0.0,201507.0
102519.2060546875,2982.0,-16.0,3.0,201510.0
102537.88891601562,2983.0,-13.0,6.0,201513.0
102556.57177734375,2984.0,-10.0,8.0,201515.0
102575.25463867188,2985.0,-9.0,10.0,201517.0
102593.9375,2986.0,-8.0,12.0,201519.0
102612.62036132812,2987.0,-8.0,12.0,201519.0
102631.30297851562,2988.0,-9.0,11.0,201518.0
102649.98583984375,2989.0,-12.0,7.0,201514.0
102668.66870117188,2990.0,-19.0,-2.0,201505.0
102687.3515625,2991.0,-28.0,-14.0,201493.0
102706.03442382812,2992.0,-38.0,-26.0,201481.0
102724.71728515625,2993.0,-47.0,-35.0,201472.0
102743.40014648438,2994.0,-52.0,-41.0,201466.0
102762.0830078125,2995.0,-53.0,-44.0,201463.0
102780.765625,2996.0,-52.0,-42.0,201465.0
102799.44848632812,2997.0,-48.0,-38.0,201469.0
102818.13134765625,2998.0,-45.0,-32.0,201475.0
102836.81420898438,2999.0,-40.0,-26.0,201481.0
102855.4970703125,3000.0,-34.0,-20.0,201487.0
102874.17993164062,3001.0,-28.0,-14.0,201493.0
102892.86279296875,3002.0,-23.0,-8.0,201499.0
102911.54565429688,3003.0,-19.0,-3.0,201504.0
102930.228515625,3004.0,-12.0,1.0,201508.0
102948.9111328125,3005.0,-7.0,5.0,201512.0
102967.59399414062,3006.0,-3.0,8.0,201515.0
102986.27685546875,3007.0,-2.0,10.0,201517.0
103004.95971679688,3008.0,-3.0,10.0,201517.0
103023.642578125,3009.0,-6.0,9.0,201516.0
103042.32543945312,3010.0,-10.0,6.0,201513.0
103061.00830078125,3011.0,-14.0,4.0,201511.0
103079.69116210938,3012.0,-15.0,2.0,201509.0
103098.37377929688,3013.0,-13.0,1.0,201508.0
103117.056640625,3014.0,-9.0,1.0,201508.0
103135.73950195312,3015.0,-7.0,1.0,201508.0
103154.42236328125,3016.0,-4.0,2.0,201509.0
103173.10522460938,3017.0,-2.0,5.0,201512.0
103191.7880859375,3018.0,-1.0,7.0,201514.0
103210.47094726562,3019.0,0.0,9.0,201516.0
103229.15380859375,3020.0,2.0,10.0,201517.0
103247.83666992188,3021.0,4.0,11.0,201518.0
103266.51928710938,3022.0,6.0,13.0,201520.0
103285.2021484375,3023.0,9.0,15.0,201522.0
103303.88500976562,3024.0,12.0,17.0,201524.0
103322.56787109375,3025.0,16.0,18.0,201525.0
103341.25073242188,3026.0,16.0,19.0,201526.0
103359.93359375,3027.0,13.0,17.0,201524.0
103378.61645507812,3028.0,7.0,11.0,201518.0
103397.29931640625,3029.0,-2.0,1.0,201508.0
103415.98193359375,3030.0,-11.0,-10.0,201497.0
103434.66479492188,3031.0,-20.0,-20.0,201487.0
103453.34765625,3032.0,-27.0,-27.0,201480.0
103472.03051757812,3033.0,-31.0,-32.0,201475.0
103490.71337890625,3034.0,-32.0,-31.0,201476.0
103509.39624023438,3035.0,-31.0,-28.0,201479.0
103528.0791015625,3036.0,-27.0,-22.0,201485.0
103546.76196289062,3037.0,-22.0,-14.0,201493.0
103565.44458007812,3038.0,-17.0,-7.0,201500.0
103584.12744140625,3039.0,-10.0,0.0,201507.0
103602.81030273438,3040.0,-4.0,6.0,201513.0
103621.4931640625,3041.0,0.0,10.0,201517.0
103640.17602539062,3042.0,2.0,12.0,201519.0
103658.85888671875,3043.0,4.0,14.0,201521.0
103677.54174804688,3044.0,5.0,13.0,201520.0
103696.224609375,3045.0,6.0,13.0,201520.0
103714.90747070312,3046.0,6.0,11.0,201518.0
103733.59008789062,3047.0,3.0,9.0,201516.0
103752.27294921875,3048.0,0.0,6.0,201513.0
103770.95581054688,3049.0,-4.0,4.0,201511.0
103789.638671875,3050.0,-8.0,3.0,201510.0
103808.32153320312,3051.0,-10.0,3.0,201510.0
103827.00439453125,3052.0,-11.0,3.0,201510.0
103845.68725585938,3053.0,-9.0,4.0,201511.0
103864.3701171875,3054.0,-6.0,6.0,201513.0
103883.052734375,3055.0,-3.0,7.0,201514.0
103901.73559570312,3056.0,0.0,8.0,201515.0
103920.41845703125,3057.0,2.0,9.0,201516.0
103939.10131835938,3058.0,3.0,11.0,201518.0
103957.7841796875,3059.0,4.0,14.0,201521.0
103976.46704101562,3060.0,6.0,18.0,201525.0
103995.14990234375,3061.0,7.0,19.0,201526.0
104013.83276367188,3062.0,5.0,18.0,201525.0
104032.515625,3063.0,0.0,12.0,201519.0
104051.1982421875,3064.0,-9.0,4.0,201511.0
104069.88110351562,3065.0,-20.0,-5.0,201502.0
104088.56396484375,3066.0,-31.0,-13.0,201494.0
104107.24682617188,3067.0,-37.0,-18.0,201489.0
104125.9296875,3068.0,-39.0,-20.0,201487.0
104144.61254882812,3069.0,-37.0,-20.0,201487.0
104163.29541015625,3070.0,-34.0,-18.0,201489.0
104181.97827148438,3071.0,-31.0,-15.0,201492.0
104200.66088867188,3072.0,-28.0,-9.0,201498.0
104219.34375,3073.0,-24.0,-5.0,201502.0
104238.02661132812,3074.0,-21.0,1.0,201508.0
104256.70947265625,3075.0,-15.0,7.0,201514.0
104275.39233398438,3076.0,-10.0,12.0,201519.0
104294.0751953125,3077.0,-6.0,16.0,201523.0
104312.75805664062,3078.0,-3.0,18.0,201525.0
104331.44091796875,3079.0,-2.0,20.0,201527.0
104350.12377929688,3080.0,-2.0,20.0,201527.0
104368.80639648438,3081.0,-2.0,18.0,201525.0
104387.4892578125,3082.0,-4.0,14.0,201521.0
104406.17211914062,3083.0,-6.0,11.0,201518.0
104424.85498046875,3084.0,-8.0,8.0,201515.0
104443.53784179688,3085.0,-9.0,6.0,201513.0
104462.220703125,3086.0,-10.0,4.0,201511.0
104480.90356445312,3087.0,-9.0,3.0,201510.0
104499.58642578125,3088.0,-8.0,3.0,201510.0
104518.26904296875,3089.0,-6.0,4.0,201511.0
104536.95190429688,3090.0,-3.0,7.0,201514.0
104555.634765625,3091.0,-1.0,9.0,201516.0
104574.31762695312,3092.0,0.0,11.0,201518.0
104593.00048828125,3093.0,2.0,14.0,201521.0
104611.68334960938,3094.0,5.0,17.0,201524.0
104630.3662109375,3095.0,10.0,20.0,201527.0
104649.04907226562,3096.0,14.0,22.0,201529.0
104667.73168945312,3097.0,15.0,22.0,201529.0
104686.41455078125,3098.0,11.0,17.0,201524.0
104705.09741210938,3099.0,2.0,7.0,201514.0
104723.7802734375,3100.0,-10.0,-5.0,201502.0
104742.46313476562,3101.0,-21.0,-17.0,201490.0
104761.14599609375,3102.0,-29.0,-25.0,201482.0
104779.82885742188,3103.0,-36.0,-30.0,201477.0
104798.51171875,3104.0,-39.0,-31.0,201476.0
104817.19458007812,3105.0,-37.0,-28.0,201479.0
104835.87719726562,3106.0,-31.0,-24.0,201483.0
104854.56005859375,3107.0,-21.0,-18.0,201489.0
104873.24291992188,3108.0,-13.0,-12.0,201495.0
104891.92578125,3109.0,-7.0,-7.0,201500.0
104910.60864257812,3110.0,-2.0,-3.0,201504.0
104929.29150390625,3111.0,1.0,1.0,201508.0
104947.97436523438,3112.0,3.0,4.0,201511.0
104966.6572265625,3113.0,4.0,7.0,201514.0
104985.33984375,3114.0,4.0,9.0,201516.0
105004.02270507812,3115.0,4.0,9.0,201516.0
105022.70556640625,3116.0,4.0,8.0,201515.0
105041.38842773438,3117.0,3.0,5.0,201512.0
105060.0712890625,3118.0,1.0,2.0,201509.0
105078.75415039062,3119.0,-1.0,-1.0,201506.0
105097.43701171875,3120.0,-4.0,-3.0,201504.0
105116.11987304688,3121.0,-7.0,-4.0,201503.0
105134.802734375,3122.0,-11.0,-4.0,201503.0
105153.4853515625,3123.0,-14.0,-4.0,201503.0
105172.16821289062,3124.0,-15.0,-3.0,201504.0
105190.85107421875,3125.0,-14.0,-2.0,201505.0
105209.53393554688,3126.0,-13.0,0.0,201507.0
105228.216796875,3127.0,-11.0,2.0,201509.0
105246.89965820312,3128.0,-8.0,4.0,201511.0
105265.58251953125,3129.0,-5.0,6.0,201513.0
105284.26538085938,3130.0,-2.0,7.0,201514.0
105302.94799804688,3131.0,-1.0,8.0,201515.0
105321.630859375,3132.0,0.0,9.0,201516.0
105340.31372070312,3133.0,0.0,10.0,201517.0
105358.99658203125,3134.0,-1.0,8.0,201515.0
105377.67944335938,3135.0,-5.0,3.0,201510.0
105396.3623046875,3136.0,-12.0,-6.0,201501.0
105415.04516601562,3137.0,-21.0,-16.0,201491.0
105433.72802734375,3138.0,-30.0,-25.0,201482.0
105452.41088867188,3139.0,-38.0,-33.0,201474.0
105471.09350585938,3140.0,-43.0,-37.0,201470.0
105489.7763671875,3141.0,-46.0,-39.0,201468.0
105508.45922851562,3142.0,-49.0,-40.0,201467.0
105527.14208984375,3143.0,-51.0,-39.0,201468.0
105545.82495117188,3144.0,-52.0,-34.0,201473.0
105564.5078125,3145.0,-52.0,-31.0,201476.0
105583.19067382812,3146.0,-50.0,-27.0,201480.0
105601.87353515625,3147.0,-47.0,-21.0,201486.0
105620.55615234375,3148.0,-43.0,-16.0,201491.0
105639.23901367188,3149.0,-37.0,-11.0,201496.0
105657.921875,3150.0,-33.0,-7.0,201500.0
105676.60473632812,3151.0,-30.0,-5.0,201502.0
105695.28759765625,3152.0,-30.0,-5.0,201502.0
105713.97045898438,3153.0,-31.0,-7.0,201500.0
105732.6533203125,3154.0,-32.0,-10.0,201497.0
105751.33618164062,3155.0,-36.0,-14.0,201493.0
105770.01879882812,3156.0,-38.0,-18.0,201489.0
105788.70166015625,3157.0,-38.0,-21.0,201486.0
105807.38452148438,3158.0,-38.0,-24.0,201483.0
105826.0673828125,3159.0,-37.0,-25.0,201482.0
105844.75024414062,3160.0,-36.0,-25.0,201482.0
105863.43310546875,3161.0,-33.0,-24.0,201483.0
105882.11596679688,3162.0,-31.0,-22.0,201485.0
105900.798828125,3163.0,-27.0,-18.0,201489.0
105919.48168945312,3164.0,-22.0,-15.0,201492.0
105938.16430664062,3165.0,-19.0,-12.0,201495.0
105956.84716796875,3166.0,-18.0,-10.0,201497.0
105975.53002929688,3167.0,-16.0,-7.0,201500.0
105994.212890625,3168.0,-14.0,-4.0,201503.0
106012.89575195312,3169.0,-14.0,-1.0,201506.0
106031.57861328125,3170.0,-15.0,-2.0,201505.0
106050.26147460938,3171.0,-18.0,-8.0,201499.0
106068.9443359375,3172.0,-24.0,-16.0,201491.0
106087.626953125,3173.0,-29.0,-26.0,201481.0
106106.30981445312,3174.0,-36.0,-35.0,201472.0
106124.99267578125,3175.0,-42.0,-41.0,201466.0
106143.67553710938,3176.0,-44.0,-45.0,201462.0
106162.3583984375,3177.0,-45.0,-44.0,201463.0
106181.04125976562,3178.0,-42.0,-41.0,201466.0
106199.72412109375,3179.0,-39.0,-35.0,201472.0
106218.40698242188,3180.0,-35.0,-29.0,201478.0
106237.08984375,3181.0,-32.0,-22.0,201485.0
106255.7724609375,3182.0,-28.0,-15.0,201492.0
106274.45532226562,3183.0,-24.0,-9.0,201498.0
106293.13818359375,3184.0,-20.0,-5.0,201502.0
106311.82104492188,3185.0,-16.0,-2.0,201505.0
106330.50390625,3186.0,-15.0,1.0,201508.0
106349.18676757812,3187.0,-15.0,3.0,201510.0
106367.86962890625,3188.0,-13.0,4.0,201511.0
106386.55249023438,3189.0,-10.0,5.0,201512.0
106405.23510742188,3190.0,-7.0,4.0,201511.0
106423.91796875,3191.0,-6.0,2.0,201509.0
106442.60083007812,3192.0,-4.0,0.0,201507.0
106461.28369140625,3193.0,-3.0,-1.0,201506.0
106479.96655273438,3194.0,-2.0,-1.0,201506.0
106498.6494140625,3195.0,-1.0,-1.0,201506.0
106517.33227539062,3196.0,-1.0,0.0,201507.0
106536.01513671875,3197.0,-1.0,1.0,201508.0
106554.69799804688,3198.0,-1.0,4.0,201511.0
106573.38061523438,3199.0,1.0,6.0,201513.0
106592.0634765625,3200.0,4.0,8.0,201515.0
106610.74633789062,3201.0,8.0,10.0,201517.0
106629.42919921875,3202.0,12.0,11.0,201518.0
106648.11206054688,3203.0,15.0,13.0,201520.0
106666.794921875,3204.0,15.0,15.0,201522.0
106685.47778320312,3205.0,15.0,16.0,201523.0
106704.16064453125,3206.0,14.0,17.0,201524.0
106722.84326171875,3207.0,11.0,15.0,201522.0
106741.52612304688,3208.0,4.0,9.0,201516.0
106760.208984375,3209.0,-5.0,-2.0,201505.0
106778.89184570312,3210.0,-15.0,-14.0,201493.0
106797.57470703125,3211.0,-24.0,-25.0,201482.0
106816.25756835938,3212.0,-31.0,-33.0,201474.0
106834.9404296875,3213.0,-35.0,-37.0,201470.0
106853.62329101562,3214.0,-36.0,-37.0,201470.0
106872.30590820312,3215.0,-35.0,-34.0,201473.0
106890.98876953125,3216.0,-30.0,-28.0,201479.0
106909.67163085938,3217.0,-26.0,-22.0,201485.0
106928.3544921875,3218.0,-21.0,-17.0,201490.0
106947.03735351562,3219.0,-16.0,-10.0,201497.0
106965.72021484375,3220.0,-11.0,-5.0,201502.0
106984.40307617188,3221.0,-6.0,0.0,201507.0
107003.0859375,3222.0,-1.0,5.0,201512.0
107021.76879882812,3223.0,4.0,9.0,201516.0
107040.45141601562,3224.0,9.0,11.0,201518.0
107059.13427734375,3225.0,12.0,10.0,201517.0
107077.81713867188,3226.0,11.0,8.0,201515.0
107096.5,3227.0,7.0,4.0,201511.0
107115.18286132812,3228.0,-1.0,-2.0,201505.0
107133.86572265625,3229.0,-11.0,-9.0,201498.0
107152.54858398438,3230.0,-20.0,-15.0,201492.0
107171.2314453125,3231.0,-28.0,-18.0,201489.0
107189.9140625,3232.0,-34.0,-20.0,201487.0
107208.59692382812,3233.0,-36.0,-20.0,201487.0
107227.27978515625,3234.0,-39.0,-20.0,201487.0
107245.96264648438,3235.0,-39.0,-19.0,201488.0
107264.6455078125,3236.0,-38.0,-16.0,201491.0
107283.32836914062,3237.0,-33.0,-12.0,201495.0
107302.01123046875,3238.0,-28.0,-8.0,201499.0
107320.69409179688,3239.0,-22.0,-3.0,201504.0
107339.376953125,3240.0,-17.0,0.0,201507.0
107358.0595703125,3241.0,-13.0,2.0,201509.0
107376.74243164062,3242.0,-12.0,3.0,201510.0
107395.42529296875,3243.0,-12.0,4.0,201511.0
107414.10815429688,3244.0,-11.0,5.0,201512.0
107432.791015625,3245.0,-9.0,7.0,201514.0
107451.47387695312,3246.0,-6.0,9.0,201516.0
107470.15673828125,3247.0,-4.0,11.0,201518.0
107488.83959960938,3248.0,-5.0,9.0,201516.0
107507.52221679688,3249.0,-9.0,2.0,201509.0
107526.205078125,3250.0,-17.0,-8.0,201499.0
107544.88793945312,3251.0,-29.0,-20.0,201487.0
107563.57080078125,3252.0,-41.0,-30.0,201477.0
107582.25366210938,3253.0,-49.0,-38.0,201469.0
107600.9365234375,3254.0,-55.0,-41.0,201466.0
107619.61938476562,3255.0,-55.0,-40.0,201467.0
107638.30224609375,3256.0,-52.0,-35.0,201472.0
107656.98510742188,3257.0,-47.0,-28.0,201479.0
107675.66772460938,3258.0,-40.0,-20.0,201487.0
107694.3505859375,3259.0,-34.0,-11.0,201496.0
107713.03344726562,3260.0,-28.0,-4.0,201503.0
107731.71630859375,3261.0,-24.0,1.0,201508.0
107750.39916992188,3262.0,-20.0,5.0,201512.0
107769.08203125,3263.0,-15.0,8.0,201515.0
107787.76489257812,3264.0,-12.0,9.0,201516.0
107806.44775390625,3265.0,-9.0,10.0,201517.0
107825.13037109375,3266.0,-8.0,8.0,201515.0
107843.81323242188,3267.0,-9.0,3.0,201510.0
107862.49609375,3268.0,-11.0,-1.0,201506.0
107881.17895507812,3269.0,-13.0,-6.0,201501.0
107899.86181640625,3270.0,-15.0,-8.0,201499.0
107918.54467773438,3271.0,-18.0,-10.0,201497.0
107937.2275390625,3272.0,-20.0,-10.0,201497.0
107955.91040039062,3273.0,-20.0,-11.0,201496.0
107974.59301757812,3274.0,-19.0,-10.0,201497.0
107993.27587890625,3275.0,-17.0,-8.0,201499.0
108011.95874023438,3276.0,-15.0,-5.0,201502.0
108030.6416015625,3277.0,-14.0,-3.0,201504.0
108049.32446289062,3278.0,-14.0,-1.0,201506.0
108068.00732421875,3279.0,-14.0,1.0,201508.0
108086.69018554688,3280.0,-12.0,2.0,201509.0
108105.373046875,3281.0,-10.0,3.0,201510.0
108124.05590820312,3282.0,-8.0,5.0,201512.0
108142.73852539062,3283.0,-4.0,8.0,201515.0
108161.42138671875,3284.0,-1.0,11.0,201518.0
108180.10424804688,3285.0,0.0,13.0,201520.0
108198.787109375,3286.0,0.0,14.0,201521.0
108217.46997070312,3287.0,0.0,14.0,201521.0
108236.15283203125,3288.0,-1.0,12.0,201519.0
108254.83569335938,3289.0,-2.0,10.0,201517.0
108273.5185546875,3290.0,-4.0,7.0,201514.0
108292.201171875,3291.0,-7.0,2.0,201509.0
108310.88403320312,3292.0,-13.0,-7.0,201500.0
108329.56689453125,3293.0,-22.0,-19.0,201488.0
108348.24975585938,3294.0,-32.0,-30.0,201477.0
108366.9326171875,3295.0,-41.0,-40.0,201467.0
108385.61547851562,3296.0,-47.0,-46.0,201461.0
108404.29833984375,3297.0,-51.0,-48.0,201459.0
108422.98120117188,3298.0,-50.0,-47.0,201460.0
108441.6640625,3299.0,-47.0,-43.0,201464.0
108460.3466796875,3300.0,-44.0,-37.0,201470.0
108479.02954101562,3301.0,-41.0,-33.0,201474.0
108497.71240234375,3302.0,-37.0,-29.0,201478.0
108516.39526367188,3303.0,-34.0,-24.0,201483.0
108535.078125,3304.0,-28.0,-21.0,201486.0
108553.76098632812,3305.0,-24.0,-18.0,201489.0
108572.44384765625,3306.0,-19.0,-16.0,201491.0
108591.12670898438,3307.0,-15.0,-12.0,201495.0
108609.80932617188,3308.0,-13.0,-10.0,201497.0
108628.4921875,3309.0,-12.0,-8.0,201499.0
108647.17504882812,3310.0,-12.0,-8.0,201499.0
108665.85791015625,3311.0,-13.0,-8.0,201499.0
108684.54077148438,3312.0,-16.0,-10.0,201497.0
108703.2236328125,3313.0,-21.0,-13.0,201494.0
108721.90649414062,3314.0,-25.0,-15.0,201492.0
108740.58935546875,3315.0,-29.0,-16.0,201491.0
108759.27221679688,3316.0,-32.0,-18.0,201489.0
108777.95483398438,3317.0,-33.0,-18.0,201489.0
108796.6376953125,3318.0,-33.0,-17.0,201490.0
108815.32055664062,3319.0,-31.0,-16.0,201491.0
108834.00341796875,3320.0,-28.0,-12.0,201495.0
108852.68627929688,3321.0,-24.0,-9.0,201498.0
108871.369140625,3322.0,-19.0,-5.0,201502.0
108890.05200195312,3323.0,-15.0,0.0,201507.0
108908.73486328125,3324.0,-11.0,5.0,201512.0
108927.41748046875,3325.0,-6.0,9.0,201516.0
108946.10034179688,3326.0,-3.0,13.0,201520.0
108964.783203125,3327.0,-2.0,14.0,201521.0
108983.46606445312,3328.0,-7.0,9.0,201516.0
109002.14892578125,3329.0,-15.0,-1.0,201506.0
109020.83178710938,3330.0,-25.0,-12.0,201495.0
109039.5146484375,3331.0,-33.0,-21.0,201486.0
109058.19750976562,3332.0,-40.0,-30.0,201477.0
109076.88012695312,3333.0,-43.0,-36.0,201471.0
109095.56298828125,3334.0,-44.0,-37.0,201470.0
109114.24584960938,3335.0,-42.0,-36.0,201471.0
109132.9287109375,3336.0,-39.0,-32.0,201475.0
109151.61157226562,3337.0,-35.0,-27.0,201480.0
109170.29443359375,3338.0,-30.0,-22.0,201485.0
109188.97729492188,3339.0,-25.0,-16.0,201491.0
109207.66015625,3340.0,-19.0,-9.0,201498.0
109226.34301757812,3341.0,-14.0,-3.0,201504.0
109245.02563476562,3342.0,-9.0,1.0,201508.0
109263.70849609375,3343.0,-6.0,4.0,201511.0
109282.39135742188,3344.0,-4.0,5.0,201512.0
109301.07421875,3345.0,-4.0,4.0,201511.0
109319.75708007812,3346.0,-5.0,3.0,201510.0
109338.43994140625,3347.0,-7.0,1.0,201508.0
109357.12280273438,3348.0,-10.0,-2.0,201505.0
109375.8056640625,3349.0,-14.0,-4.0,201503.0
109394.48828125,3350.0,-18.0,-6.0,201501.0
109413.17114257812,3351.0,-20.0,-7.0,201500.0
109431.85400390625,3352.0,-21.0,-7.0,201500.0
109450.53686523438,3353.0,-18.0,-8.0,201499.0
109469.2197265625,3354.0,-15.0,-7.0,201500.0
109487.90258789062,3355.0,-10.0,-6.0,201501.0
109506.58544921875,3356.0,-3.0,-3.0,201504.0
109525.26831054688,3357.0,4.0,2.0,201509.0
109543.951171875,3358.0,11.0,7.0,201514.0
109562.6337890625,3359.0,15.0,12.0,201519.0
109581.31665039062,3360.0,17.0,17.0,201524.0
109599.99951171875,3361.0,18.0,20.0,201527.0
109618.68237304688,3362.0,18.0,23.0,201530.0
109637.365234375,3363.0,17.0,21.0,201528.0
109656.04809570312,3364.0,13.0,16.0,201523.0
109674.73095703125,3365.0,4.0,7.0,201514.0
109693.41381835938,3366.0,-5.0,-5.0,201502.0
109712.09643554688,3367.0,-13.0,-16.0,201491.0
109730.779296875,3368.0,-19.0,-25.0,201482.0
109749.46215820312,3369.0,-21.0,-30.0,201477.0
109768.14501953125,3370.0,-20.0,-30.0,201477.0
109786.82788085938,3371.0,-15.0,-26.0,201481.0
109805.5107421875,3372.0,-9.0,-20.0,201487.0
109824.19360351562,3373.0,-1.0,-12.0,201495.0
109842.87646484375,3374.0,7.0,-5.0,201502.0
109861.55932617188,3375.0,14.0,1.0,201508.0
109880.24194335938,3376.0,19.0,7.0,201514.0
109898.9248046875,3377.0,23.0,11.0,201518.0
109917.60766601562,3378.0,26.0,14.0,201521.0
109936.29052734375,3379.0,29.0,17.0,201524.0
109954.97338867188,3380.0,34.0,17.0,201524.0
109973.65625,3381.0,36.0,18.0,201525.0
109992.33911132812,3382.0,37.0,18.0,201525.0
110011.02197265625,3383.0,35.0,17.0,201524.0
110029.70458984375,3384.0,31.0,13.0,201520.0
110048.38745117188,3385.0,26.0,9.0,201516.0
110067.0703125,3386.0,20.0,5.0,201512.0
110085.75317382812,3387.0,16.0,3.0,201510.0
110104.43603515625,3388.0,15.0,2.0,201509.0
110123.11889648438,3389.0,15.0,2.0,201509.0
110141.8017578125,3390.0,17.0,3.0,201510.0
110160.48461914062,3391.0,20.0,6.0,201513.0
110179.16723632812,3392.0,25.0,8.0,201515.0
110197.85009765625,3393.0,28.0,10.0,201517.0
110216.53295898438,3394.0,31.0,13.0,201520.0
110235.2158203125,3395.0,32.0,14.0,201521.0
110253.89868164062,3396.0,33.0,16.0,201523.0
110272.58154296875,3397.0,31.0,16.0,201523.0
110291.26440429688,3398.0,30.0,16.0,201523.0
110309.947265625,3399.0,27.0,14.0,201521.0
110328.63012695312,3400.0,21.0,8.0,201515.0
110347.31274414062,3401.0,13.0,-1.0,201506.0
110365.99560546875,3402.0,4.0,-12.0,201495.0
110384.67846679688,3403.0,-4.0,-23.0,201484.0
110403.361328125,3404.0,-10.0,-31.0,201476.0
110422.04418945312,3405.0,-15.0,-35.0,201472.0
110440.72705078125,3406.0,-17.0,-35.0,201472.0
110459.40991210938,3407.0,-15.0,-32.0,201475.0
110478.0927734375,3408.0,-12.0,-26.0,201481.0
110496.775390625,3409.0,-8.0,-19.0,201488.0
110515.45825195312,3410.0,-4.0,-12.0,201495.0
110534.14111328125,3411.0,0.0,-6.0,201501.0
110552.82397460938,3412.0,4.0,1.0,201508.0
110571.5068359375,3413.0,9.0,5.0,201512.0
110590.18969726562,3414.0,13.0,9.0,201516.0
110608.87255859375,3415.0,17.0,11.0,201518.0
110627.55541992188,3416.0,18.0,14.0,201521.0
110646.23828125,3417.0,18.0,15.0,201522.0
110664.9208984375,3418.0,17.0,14.0,201521.0
110683.60375976562,3419.0,17.0,13.0,201520.0
110702.28662109375,3420.0,18.0,11.0,201518.0
110720.96948242188,3421.0,20.0,9.0,201516.0
110739.65234375,3422.0,20.0,6.0,201513.0
110758.33520507812,3423.0,19.0,4.0,201511.0
110777.01806640625,3424.0,17.0,4.0,201511.0
110795.70092773438,3425.0,14.0,5.0,201512.0
110814.38354492188,3426.0,11.0,6.0,201513.0
110833.06640625,3427.0,9.0,7.0,201514.0
110851.74926757812,3428.0,9.0,9.0,201516.0
110870.43212890625,3429.0,10.0,10.0,201517.0
110889.11499023438,3430.0,13.0,11.0,201518.0
110907.7978515625,3431.0,17.0,13.0,201520.0
110926.48071289062,3432.0,20.0,16.0,201523.0
110945.16357421875,3433.0,23.0,17.0,201524.0
110963.84643554688,3434.0,25.0,20.0,201527.0
110982.52905273438,3435.0,27.0,21.0,201528.0
111001.2119140625,3436.0,27.0,21.0,201528.0
111019.89477539062,3437.0,23.0,19.0,201526.0
111038.57763671875,3438.0,16.0,12.0,201519.0
111057.26049804688,3439.0,5.0,1.0,201508.0
111075.943359375,3440.0,-10.0,-11.0,201496.0
111094.62622070312,3441.0,-25.0,-24.0,201483.0
111113.30908203125,3442.0,-39.0,-33.0,201474.0
111131.99169921875,3443.0,-48.0,-39.0,201468.0
111150.67456054688,3444.0,-52.0,-41.0,201466.0
111169.357421875,3445.0,-50.0,-38.0,201469.0
111188.04028320312,3446.0,-42.0,-31.0,201476.0
111206.72314453125,3447.0,-32.0,-21.0,201486.0
111225.40600585938,3448.0,-23.0,-13.0,201494.0
111244.0888671875,3449.0,-14.0,-7.0,201500.0
111262.77172851562,3450.0,-8.0,-2.0,201505.0
111281.45434570312,3451.0,-1.0,1.0,201508.0
111300.13720703125,3452.0,5.0,5.0,201512.0
111318.82006835938,3453.0,9.0,8.0,201515.0
111337.5029296875,3454.0,12.0,11.0,201518.0
111356.18579101562,3455.0,13.0,13.0,201520.0
111374.86865234375,3456.0,11.0,11.0,201518.0
111393.55151367188,3457.0,7.0,8.0,201515.0
111412.234375,3458.0,3.0,5.0,201512.0
111430.91723632812,3459.0,-1.0,2.0,201509.0
111449.59985351562,3460.0,-4.0,-1.0,201506.0
111468.28271484375,3461.0,-6.0,-3.0,201504.0
111486.96557617188,3462.0,-6.0,-4.0,201503.0
111505.6484375,3463.0,-3.0,-3.0,201504.0
111524.33129882812,3464.0,0.0,0.0,201507.0
111543.01416015625,3465.0,3.0,3.0,201510.0
111561.69702148438,3466.0,7.0,6.0,201513.0
111580.3798828125,3467.0,10.0,9.0,201516.0
111599.0625,3468.0,14.0,13.0,201520.0
111617.74536132812,3469.0,17.0,15.0,201522.0
111636.42822265625,3470.0,19.0,19.0,201526.0
111655.11108398438,3471.0,20.0,21.0,201528.0
111673.7939453125,3472.0,20.0,24.0,201531.0
111692.47680664062,3473.0,19.0,24.0,201531.0
111711.15966796875,3474.0,20.0,24.0,201531.0
111729.84252929688,3475.0,18.0,22.0,201529.0
111748.525390625,3476.0,11.0,16.0,201523.0
111767.2080078125,3477.0,2.0,7.0,201514.0
111785.89086914062,3478.0,-9.0,-5.0,201502.0
111804.57373046875,3479.0,-18.0,-15.0,201492.0
111823.25659179688,3480.0,-26.0,-22.0,201485.0
111841.939453125,3481.0,-30.0,-27.0,201480.0
111860.62231445312,3482.0,-30.0,-28.0,201479.0
111879.30517578125,3483.0,-28.0,-24.0,201483.0
111897.98803710938,3484.0,-24.0,-18.0,201489.0
111916.67065429688,3485.0,-17.0,-12.0,201495.0
111935.353515625,3486.0,-11.0,-5.0,201502.0
111954.03637695312,3487.0,-4.0,1.0,201508.0
111972.71923828125,3488.0,1.0,7.0,201514.0
111991.40209960938,3489.0,6.0,12.0,201519.0
112010.0849609375,3490.0,9.0,17.0,201524.0
112028.76782226562,3491.0,12.0,20.0,201527.0
112047.45068359375,3492.0,14.0,21.0,201528.0
112066.13354492188,3493.0,11.0,19.0,201526.0
112084.81616210938,3494.0,6.0,15.0,201522.0
112103.4990234375,3495.0,0.0,11.0,201518.0
112122.18188476562,3496.0,-5.0,6.0,201513.0
112140.86474609375,3497.0,-8.0,2.0,201509.0
112159.54760742188,3498.0,-10.0,0.0,201507.0
112178.23046875,3499.0,-9.0,1.0,201508.0
112196.91333007812,3500.0,-8.0,3.0,201510.0
112215.59619140625,3501.0,-7.0,7.0,201514.0
112234.27880859375,3502.0,-5.0,9.0,201516.0
112252.96166992188,3503.0,-3.0,11.0,201518.0
112271.64453125,3504.0,1.0,14.0,201521.0
112290.32739257812,3505.0,5.0,15.0,201522.0
112309.01025390625,3506.0,10.0,18.0,201525.0
112327.69311523438,3507.0,14.0,22.0,201529.0
112346.3759765625,3508.0,17.0,27.0,201534.0
112365.05883789062,3509.0,18.0,31.0,201538.0
112383.74145507812,3510.0,22.0,35.0,201542.0
112402.42431640625,3511.0,25.0,37.0,201544.0
112421.10717773438,3512.0,26.0,36.0,201543.0
112439.7900390625,3513.0,24.0,33.0,201540.0
112458.47290039062,3514.0,18.0,25.0,201532.0
112477.15576171875,3515.0,9.0,14.0,201521.0
112495.83862304688,3516.0,-1.0,2.0,201509.0
112514.521484375,3517.0,-11.0,-9.0,201498.0
112533.20434570312,3518.0,-18.0,-16.0,201491.0
112551.88696289062,3519.0,-22.0,-21.0,201486.0
112570.56982421875,3520.0,-24.0,-20.0,201487.0
112589.25268554688,3521.0,-21.0,-17.0,201490.0
112607.935546875,3522.0,-17.0,-12.0,201495.0
112626.61840820312,3523.0,-13.0,-7.0,201500.0
112645.30126953125,3524.0,-8.0,-2.0,201505.0
112663.98413085938,3525.0,-4.0,2.0,201509.0
112682.6669921875,3526.0,-3.0,6.0,201513.0
112701.349609375,3527.0,-3.0,9.0,201516.0
112720.03247070312,3528.0,-4.0,12.0,201519.0
112738.71533203125,3529.0,-4.0,14.0,201521.0
112757.39819335938,3530.0,-4.0,15.0,201522.0
112776.0810546875,3531.0,-4.0,15.0,201522.0
112794.76391601562,3532.0,-5.0,12.0,201519.0
112813.44677734375,3533.0,-8.0,8.0,201515.0
112832.12963867188,3534.0,-11.0,4.0,201511.0
112850.8125,3535.0,-14.0,0.0,201507.0
112869.4951171875,3536.0,-17.0,-2.0,201505.0
112888.17797851562,3537.0,-21.0,-4.0,201503.0
112906.86083984375,3538.0,-22.0,-5.0,201502.0
112925.54370117188,3539.0,-24.0,-5.0,201502.0
112944.2265625,3540.0,-23.0,-3.0,201504.0
112962.90942382812,3541.0,-18.0,0.0,201507.0
112981.59228515625,3542.0,-12.0,4.0,201511.0
113000.27514648438,3543.0,-5.0,9.0,201516.0
113018.95776367188,3544.0,1.0,14.0,201521.0
113037.640625,3545.0,7.0,18.0,201525.0
113056.32348632812,3546.0,11.0,21.0,201528.0
113075.00634765625,3547.0,15.0,25.0,201532.0
113093.68920898438,3548.0,18.0,27.0,201534.0
113112.3720703125,3549.0,16.0,29.0,201536.0
113131.05493164062,3550.0,12.0,28.0,201535.0
113149.73779296875,3551.0,2.0,21.0,201528.0
113168.42065429688,3552.0,-11.0,10.0,201517.0
113187.10327148438,3553.0,-24.0,-4.0,201503.0
113205.7861328125,3554.0,-33.0,-16.0,201491.0
113224.46899414062,3555.0,-39.0,-25.0,201482.0
113243.15185546875,3556.0,-42.0,-28.0,201479.0
113261.83471679688,3557.0,-41.0,-29.0,201478.0
113280.517578125,3558.0,-38.0,-26.0,201481.0
113299.20043945312,3559.0,-31.0,-19.0,201488.0
113317.88330078125,3560.0,-25.0,-12.0,201495.0
113336.56591796875,3561.0,-18.0,-5.0,201502.0
113355.24877929688,3562.0,-12.0,1.0,201508.0
113373.931640625,3563.0,-7.0,6.0,201513.0
113392.61450195312,3564.0,-2.0,11.0,201518.0
113411.29736328125,3565.0,0.0,15.0,201522.0
113429.98022460938,3566.0,1.0,18.0,201525.0
113448.6630859375,3567.0,0.0,20.0,201527.0
113467.34594726562,3568.0,-1.0,22.0,201529.0
113486.02856445312,3569.0,-2.0,22.0,201529.0
113504.71142578125,3570.0,-3.0,19.0,201526.0
113523.39428710938,3571.0,-5.0,13.0,201520.0
113542.0771484375,3572.0,-7.0,8.0,201515.0
113560.76000976562,3573.0,-8.0,4.0,201511.0
113579.44287109375,3574.0,-9.0,1.0,201508.0
113598.12573242188,3575.0,-9.0,2.0,201509.0
113616.80859375,3576.0,-8.0,4.0,201511.0
113635.49145507812,3577.0,-4.0,7.0,201514.0
113654.17407226562,3578.0,1.0,9.0,201516.0
113672.85693359375,3579.0,5.0,12.0,201519.0
113691.53979492188,3580.0,9.0,15.0,201522.0
113710.22265625,3581.0,10.0,18.0,201525.0
113728.90551757812,3582.0,11.0,21.0,201528.0
113747.58837890625,3583.0,12.0,24.0,201531.0
113766.27124023438,3584.0,15.0,26.0,201533.0
113784.9541015625,3585.0,18.0,28.0,201535.0
113803.63671875,3586.0,17.0,24.0,201531.0
113822.31958007812,3587.0,9.0,16.0,201523.0
113841.00244140625,3588.0,-2.0,5.0,201512.0
113859.68530273438,3589.0,-13.0,-7.0,201500.0
113878.3681640625,3590.0,-21.0,-17.0,201490.0
113897.05102539062,3591.0,-27.0,-23.0,201484.0
113915.73388671875,3592.0,-28.0,-26.0,201481.0
113934.41674804688,3593.0,-25.0,-23.0,201484.0
113953.099609375,3594.0,-22.0,-19.0,201488.0
113971.7822265625,3595.0,-17.0,-15.0,201492.0
113990.46508789062,3596.0,-12.0,-10.0,201497.0
114009.14794921875,3597.0,-8.0,-5.0,201502.0
114027.83081054688,3598.0,-4.0,0.0,201507.0
114046.513671875,3599.0,-2.0,3.0,201510.0
114065.19653320312,3600.0,0.0,4.0,201511.0
114083.87939453125,3601.0,3.0,6.0,201513.0
114102.56225585938,3602.0,6.0,9.0,201516.0
114121.24487304688,3603.0,8.0,10.0,201517.0
114139.927734375,3604.0,5.0,9.0,201516.0
114158.61059570312,3605.0,1.0,6.0,201513.0
114177.29345703125,3606.0,-5.0,1.0,201508.0
114195.97631835938,3607.0,-12.0,-3.0,201504.0
114214.6591796875,3608.0,-18.0,-6.0,201501.0
114233.34204101562,3609.0,-23.0,-8.0,201499.0
114252.02490234375,3610.0,-25.0,-9.0,201498.0
114270.70776367188,3611.0,-24.0,-8.0,201499.0
114289.39038085938,3612.0,-20.0,-5.0,201502.0
114308.0732421875,3613.0,-16.0,-1.0,201506.0
114326.75610351562,3614.0,-11.0,5.0,201512.0
114345.43896484375,3615.0,-6.0,10.0,201517.0
114364.12182617188,3616.0,-2.0,12.0,201519.0
114382.8046875,3617.0,2.0,14.0,201521.0
114401.48754882812,3618.0,5.0,15.0,201522.0
114420.17041015625,3619.0,7.0,17.0,201524.0
114438.85302734375,3620.0,10.0,19.0,201526.0
114457.53588867188,3621.0,12.0,20.0,201527.0
114476.21875,3622.0,10.0,18.0,201525.0
114494.90161132812,3623.0,4.0,10.0,201517.0
114513.58447265625,3624.0,-3.0,-3.0,201504.0
114532.26733398438,3625.0,-9.0,-15.0,201492.0
114550.9501953125,3626.0,-13.0,-25.0,201482.0
114569.63305664062,3627.0,-16.0,-31.0,201476.0
114588.31567382812,3628.0,-17.0,-31.0,201476.0
114606.99853515625,3629.0,-16.0,-28.0,201479.0
114625.68139648438,3630.0,-13.0,-22.0,201485.0
114644.3642578125,3631.0,-10.0,-14.0,201493.0
114663.04711914062,3632.0,-7.0,-8.0,201499.0
114681.72998046875,3633.0,-4.0,-2.0,201505.0
114700.41284179688,3634.0,0.0,3.0,201510.0
114719.095703125,3635.0,4.0,8.0,201515.0
114737.77856445312,3636.0,8.0,11.0,201518.0
114756.46118164062,3637.0,11.0,14.0,201521.0
114775.14404296875,3638.0,14.0,16.0,201523.0
114793.82690429688,3639.0,14.0,17.0,201524.0
114812.509765625,3640.0,13.0,16.0,201523.0
114831.19262695312,3641.0,8.0,13.0,201520.0
114849.87548828125,3642.0,5.0,10.0,201517.0
114868.55834960938,3643.0,2.0,6.0,201513.0
114887.2412109375,3644.0,1.0,3.0,201510.0
114905.923828125,3645.0,2.0,0.0,201507.0
114924.60668945312,3646.0,4.0,-1.0,201506.0
114943.28955078125,3647.0,7.0,0.0,201507.0
114961.97241210938,3648.0,10.0,3.0,201510.0
114980.6552734375,3649.0,13.0,7.0,201514.0
114999.33813476562,3650.0,15.0,10.0,201517.0
115018.02099609375,3651.0,18.0,13.0,201520.0
115036.70385742188,3652.0,19.0,15.0,201522.0
115055.38671875,3653.0,22.0,18.0,201525.0
115074.0693359375,3654.0,24.0,21.0,201528.0
115092.75219726562,3655.0,25.0,23.0,201530.0
115111.43505859375,3656.0,22.0,25.0,201532.0
115130.11791992188,3657.0,18.0,24.0,201531.0
115148.80078125,3658.0,13.0,20.0,201527.0
115167.48364257812,3659.0,6.0,11.0,201518.0
115186.16650390625,3660.0,-4.0,-1.0,201506.0
115204.84936523438,3661.0,-12.0,-13.0,201494.0
115223.53198242188,3662.0,-20.0,-23.0,201484.0
115242.21484375,3663.0,-24.0,-30.0,201477.0
115260.89770507812,3664.0,-26.0,-33.0,201474.0
115279.58056640625,3665.0,-24.0,-32.0,201475.0
115298.26342773438,3666.0,-21.0,-28.0,201479.0
115316.9462890625,3667.0,-16.0,-22.0,201485.0
115335.62915039062,3668.0,-10.0,-16.0,201491.0
115354.31201171875,3669.0,-3.0,-10.0,201497.0
115372.99487304688,3670.0,2.0,-5.0,201502.0
115391.67749023438,3671.0,6.0,0.0,201507.0
115410.3603515625,3672.0,8.0,5.0,201512.0
115429.04321289062,3673.0,9.0,8.0,201515.0
115447.72607421875,3674.0,10.0,10.0,201517.0
115466.40893554688,3675.0,11.0,11.0,201518.0
115485.091796875,3676.0,9.0,11.0,201518.0
115503.77465820312,3677.0,5.0,9.0,201516.0
115522.45751953125,3678.0,-1.0,5.0,201512.0
115541.14013671875,3679.0,-6.0,1.0,201508.0
115559.82299804688,3680.0,-12.0,-3.0,201504.0
115578.505859375,3681.0,-15.0,-6.0,201501.0
115597.18872070312,3682.0,-17.0,-7.0,201500.0
115615.87158203125,3683.0,-15.0,-5.0,201502.0
115634.55444335938,3684.0,-13.0,-3.0,201504.0
115653.2373046875,3685.0,-12.0,1.0,201508.0
115671.92016601562,3686.0,-12.0,4.0,201511.0
115690.60278320312,3687.0,-11.0,7.0,201514.0
115709.28564453125,3688.0,-12.0,9.0,201516.0
115727.96850585938,3689.0,-10.0,12.0,201519.0
115746.6513671875,3690.0,-9.0,15.0,201522.0
115765.33422851562,3691.0,-7.0,17.0,201524.0
115784.01708984375,3692.0,-4.0,20.0,201527.0
115802.69995117188,3693.0,-1.0,22.0,201529.0
115821.3828125,3694.0,3.0,25.0,201532.0
115840.06567382812,3695.0,7.0,27.0,201534.0
115858.74829101562,3696.0,11.0,30.0,201537.0
115877.43115234375,3697.0,13.0,32.0,201539.0
115896.11401367188,3698.0,11.0,28.0,201535.0
115914.796875,3699.0,3.0,19.0,201526.0
115933.47973632812,3700.0,-9.0,5.0,201512.0
115952.16259765625,3701.0,-20.0,-10.0,201497.0
115970.84545898438,3702.0,-29.0,-23.0,201484.0
115989.5283203125,3703.0,-35.0,-31.0,201476.0
116008.2109375,3704.0,-35.0,-34.0,201473.0
116026.89379882812,3705.0,-34.0,-34.0,201473.0
116045.57666015625,3706.0,-32.0,-29.0,201478.0
116064.25952148438,3707.0,-26.0,-22.0,201485.0
116082.9423828125,3708.0,-20.0,-14.0,201493.0
116101.62524414062,3709.0,-14.0,-8.0,201499.0
116120.30810546875,3710.0,-9.0,-3.0,201504.0
116138.99096679688,3711.0,-6.0,1.0,201508.0
116157.673828125,3712.0,-4.0,3.0,201510.0
116176.3564453125,3713.0,-5.0,3.0,201510.0
116195.03930664062,3714.0,-7.0,4.0,201511.0
116213.72216796875,3715.0,-9.0,4.0,201511.0
116232.40502929688,3716.0,-10.0,5.0,201512.0
116251.087890625,3717.0,-9.0,5.0,201512.0
116269.77075195312,3718.0,-10.0,4.0,201511.0
116288.45361328125,3719.0,-11.0,1.0,201508.0
116307.13647460938,3720.0,-13.0,-3.0,201504.0
116325.81909179688,3721.0,-14.0,-5.0,201502.0
116344.501953125,3722.0,-15.0,-6.0,201501.0
116363.18481445312,3723.0,-17.0,-7.0,201500.0
116381.86767578125,3724.0,-17.0,-7.0,201500.0
116400.55053710938,3725.0,-15.0,-4.0,201503.0
116419.2333984375,3726.0,-11.0,0.0,201507.0
116437.91625976562,3727.0,-7.0,4.0,201511.0
116456.59912109375,3728.0,-3.0,9.0,201516.0
116475.28173828125,3729.0,2.0,13.0,201520.0
116493.96459960938,3730.0,4.0,17.0,201524.0
116512.6474609375,3731.0,5.0,20.0,201527.0
116531.33032226562,3732.0,5.0,22.0,201529.0
116550.01318359375,3733.0,6.0,22.0,201529.0
116568.69604492188,3734.0,9.0,23.0,201530.0
116587.37890625,3735.0,11.0,24.0,201531.0
116606.06176757812,3736.0,14.0,24.0,201531.0
116624.74462890625,3737.0,13.0,21.0,201528.0
116643.42724609375,3738.0,7.0,16.0,201523.0
116662.11010742188,3739.0,-2.0,6.0,201513.0
116680.79296875,3740.0,-12.0,-6.0,201501.0
116699.47583007812,3741.0,-22.0,-18.0,201489.0
116718.15869140625,3742.0,-30.0,-27.0,201480.0
116736.84155273438,3743.0,-34.0,-32.0,201475.0
116755.5244140625,3744.0,-36.0,-33.0,201474.0
116774.20727539062,3745.0,-33.0,-32.0,201475.0
116792.88989257812,3746.0,-29.0,-27.0,201480.0
116811.57275390625,3747.0,-25.0,-21.0,201486.0
116830.25561523438,3748.0,-20.0,-16.0,201491.0
116848.9384765625,3749.0,-18.0,-11.0,201496.0
116867.62133789062,3750.0,-17.0,-6.0,201501.0
116886.30419921875,3751.0,-16.0,-1.0,201506.0
116904.98706054688,3752.0,-15.0,2.0,201509.0
116923.669921875,3753.0,-11.0,5.0,201512.0
116942.35278320312,3754.0,-7.0,7.0,201514.0
116961.03540039062,3755.0,-4.0,8.0,201515.0
116979.71826171875,3756.0,-1.0,9.0,201516.0
116998.40112304688,3757.0,0.0,8.0,201515.0
117017.083984375,3758.0,-1.0,5.0,201512.0
117035.76684570312,3759.0,-4.0,1.0,201508.0
117054.44970703125,3760.0,-8.0,-3.0,201504.0
117073.13256835938,3761.0,-10.0,-5.0,201502.0
117091.8154296875,3762.0,-12.0,-5.0,201502.0
117110.498046875,3763.0,-13.0,-4.0,201503.0
117129.18090820312,3764.0,-13.0,-2.0,201505.0
117147.86376953125,3765.0,-11.0,1.0,201508.0
117166.54663085938,3766.0,-9.0,4.0,201511.0
117185.2294921875,3767.0,-6.0,7.0,201514.0
117203.91235351562,3768.0,-3.0,9.0,201516.0
117222.59521484375,3769.0,-2.0,11.0,201518.0
117241.27807617188,3770.0,-1.0,13.0,201520.0
117259.9609375,3771.0,0.0,14.0,201521.0
117278.6435546875,3772.0,-1.0,15.0,201522.0
117297.32641601562,3773.0,-3.0,13.0,201520.0
117316.00927734375,3774.0,-10.0,8.0,201515.0
117334.69213867188,3775.0,-19.0,-2.0,201505.0
117353.375,3776.0,-28.0,-14.0,201493.0
117372.05786132812,3777.0,-38.0,-25.0,201482.0
117390.74072265625,3778.0,-47.0,-33.0,201474.0
117409.42358398438,3779.0,-51.0,-38.0,201469.0
117428.10620117188,3780.0,-52.0,-37.0,201470.0
117446.7890625,3781.0,-47.0,-34.0,201473.0
117465.47192382812,3782.0,-39.0,-28.0,201479.0
117484.15478515625,3783.0,-30.0,-20.0,201487.0
117502.83764648438,3784.0,-21.0,-13.0,201494.0
117521.5205078125,3785.0,-11.0,-5.0,201502.0
117540.20336914062,3786.0,-4.0,1.0,201508.0
117558.88623046875,3787.0,1.0,5.0,201512.0
117577.56884765625,3788.0,3.0,7.0,201514.0
117596.25170898438,3789.0,3.0,7.0,201514.0
117614.9345703125,3790.0,4.0,7.0,201514.0
117633.61743164062,3791.0,4.0,7.0,201514.0
117652.30029296875,3792.0,3.0,7.0,201514.0
117670.98315429688,3793.0,2.0,6.0,201513.0
117689.666015625,3794.0,0.0,5.0,201512.0
117708.34887695312,3795.0,-3.0,3.0,201510.0
117727.03173828125,3796.0,-4.0,1.0,201508.0
117745.71435546875,3797.0,-5.0,-1.0,201506.0
117764.39721679688,3798.0,-5.0,-2.0,201505.0
117783.080078125,3799.0,-4.0,-1.0,201506.0
117801.76293945312,3800.0,-2.0,2.0,201509.0
117820.44580078125,3801.0,-1.0,7.0,201514.0
117839.12866210938,3802.0,2.0,12.0,201519.0
117857.8115234375,3803.0,4.0,15.0,201522.0
117876.49438476562,3804.0,7.0,18.0,201525.0
117895.17700195312,3805.0,10.0,21.0,201528.0
117913.85986328125,3806.0,13.0,24.0,201531.0
117932.54272460938,3807.0,15.0,26.0,201533.0
117951.2255859375,3808.0,17.0,29.0,201536.0
117969.90844726562,3809.0,22.0,32.0,201539.0
117988.59130859375,3810.0,25.0,32.0,201539.0
118007.27416992188,3811.0,23.0,26.0,201533.0
118025.95703125,3812.0,16.0,15.0,201522.0
118044.63989257812,3813.0,5.0,0.0,201507.0
118063.32250976562,3814.0,-6.0,-14.0,201493.0
118082.00537109375,3815.0,-18.0,-25.0,201482.0
118100.68823242188,3816.0,-26.0,-32.0,201475.0
118119.37109375,3817.0,-32.0,-33.0,201474.0
118138.05395507812,3818.0,-33.0,-31.0,201476.0
118156.73681640625,3819.0,-30.0,-26.0,201481.0
118175.41967773438,3820.0,-24.0,-19.0,201488.0
118194.1025390625,3821.0,-17.0,-12.0,201495.0
118212.78515625,3822.0,-10.0,-6.0,201501.0
118231.46801757812,3823.0,-2.0,-1.0,201506.0
118250.15087890625,3824.0,4.0,3.0,201510.0
118268.83374023438,3825.0,6.0,6.0,201513.0
118287.5166015625,3826.0,6.0,8.0,201515.0
118306.19946289062,3827.0,4.0,10.0,201517.0
118324.88232421875,3828.0,4.0,13.0,201520.0
118343.56518554688,3829.0,3.0,14.0,201521.0
118362.248046875,3830.0,3.0,13.0,201520.0
118380.9306640625,3831.0,1.0,9.0,201516.0
118399.61352539062,3832.0,-2.0,5.0,201512.0
118418.29638671875,3833.0,-4.0,2.0,201509.0
118436.97924804688,3834.0,-5.0,1.0,201508.0
118455.662109375,3835.0,-4.0,2.0,201509.0
118474.34497070312,3836.0,-1.0,5.0,201512.0
118493.02783203125,3837.0,5.0,9.0,201516.0
118511.71069335938,3838.0,14.0,14.0,201521.0
118530.39331054688,3839.0,23.0,19.0,201526.0
118549.076171875,3840.0,30.0,23.0,201530.0
118567.75903320312,3841.0,35.0,25.0,201532.0
118586.44189453125,3842.0,38.0,27.0,201534.0
118605.12475585938,3843.0,40.0,30.0,201537.0
118623.8076171875,3844.0,40.0,31.0,201538.0
118642.49047851562,3845.0,41.0,32.0,201539.0
118661.17333984375,3846.0,39.0,33.0,201540.0
118679.85595703125,3847.0,38.0,32.0,201539.0
118698.53881835938,3848.0,38.0,33.0,201540.0
118717.2216796875,3849.0,35.0,33.0,201540.0
118735.90454101562,3850.0,32.0,31.0,201538.0
118754.58740234375,3851.0,26.0,27.0,201534.0
118773.27026367188,3852.0,17.0,19.0,201526.0
118791.953125,3853.0,7.0,6.0,201513.0
118810.63598632812,3854.0,-4.0,-9.0,201498.0
118829.31884765625,3855.0,-14.0,-22.0,201485.0
118848.00146484375,3856.0,-23.0,-31.0,201476.0
118866.68432617188,3857.0,-28.0,-36.0,201471.0
118885.3671875,3858.0,-27.0,-37.0,201470.0
118904.05004882812,3859.0,-25.0,-32.0,201475.0
118922.73291015625,3860.0,-20.0,-27.0,201480.0
118941.41577148438,3861.0,-15.0,-20.0,201487.0
118960.0986328125,3862.0,-10.0,-15.0,201492.0
118978.78149414062,3863.0,-9.0,-11.0,201496.0
118997.46411132812,3864.0,-8.0,-8.0,201499.0
119016.14697265625,3865.0,-8.0,-5.0,201502.0
119034.82983398438,3866.0,-8.0,-3.0,201504.0
119053.5126953125,3867.0,-8.0,-1.0,201506.0
119072.19555664062,3868.0,-8.0,1.0,201508.0
119090.87841796875,3869.0,-6.0,3.0,201510.0
119109.56127929688,3870.0,-5.0,3.0,201510.0
119128.244140625,3871.0,-7.0,1.0,201508.0
119146.92700195312,3872.0,-9.0,-1.0,201506.0
119165.60961914062,3873.0,-13.0,-4.0,201503.0
119184.29248046875,3874.0,-15.0,-7.0,201500.0
119202.97534179688,3875.0,-17.0,-10.0,201497.0
119221.658203125,3876.0,-17.0,-10.0,201497.0
119240.34106445312,3877.0,-17.0,-11.0,201496.0
119259.02392578125,3878.0,-15.0,-10.0,201497.0
119277.70678710938,3879.0,-14.0,-8.0,201499.0
119296.3896484375,3880.0,-13.0,-5.0,201502.0
119315.072265625,3881.0,-12.0,-2.0,201505.0
119333.75512695312,3882.0,-11.0,1.0,201508.0
119352.43798828125,3883.0,-9.0,3.0,201510.0
119371.12084960938,3884.0,-4.0,5.0,201512.0
119389.8037109375,3885.0,0.0,6.0,201513.0
119408.48657226562,3886.0,3.0,7.0,201514.0
119427.16943359375,3887.0,5.0,9.0,201516.0
119445.85229492188,3888.0,6.0,10.0,201517.0
119464.53515625,3889.0,5.0,11.0,201518.0
119483.2177734375,3890.0,3.0,10.0,201517.0
119501.90063476562,3891.0,-3.0,3.0,201510.0
119520.58349609375,3892.0,-13.0,-7.0,201500.0
119539.26635742188,3893.0,-22.0,-18.0,201489.0
119557.94921875,3894.0,-30.0,-28.0,201479.0
119576.63208007812,3895.0,-36.0,-36.0,201471.0
119595.31494140625,3896.0,-37.0,-40.0,201467.0
119613.99780273438,3897.0,-36.0,-38.0,201469.0
119632.68041992188,3898.0,-32.0,-35.0,201472.0
119651.36328125,3899.0,-26.0,-30.0,201477.0
119670.04614257812,3900.0,-21.0,-24.0,201483.0
119688.72900390625,3901.0,-16.0,-19.0,201488.0
119707.41186523438,3902.0,-11.0,-12.0,201495.0
119726.0947265625,3903.0,-8.0,-8.0,201499.0
119744.77758789062,3904.0,-7.0,-3.0,201504.0
119763.46044921875,3905.0,-6.0,0.0,201507.0
119782.14306640625,3906.0,-5.0,4.0,201511.0
119800.82592773438,3907.0,-3.0,7.0,201514.0
119819.5087890625,3908.0,1.0,11.0,201518.0
119838.19165039062,3909.0,3.0,12.0,201519.0
119856.87451171875,3910.0,3.0,13.0,201520.0
119875.55737304688,3911.0,0.0,9.0,201516.0
119894.240234375,3912.0,-4.0,6.0,201513.0
119912.92309570312,3913.0,-7.0,2.0,201509.0
119931.60595703125,3914.0,-10.0,0.0,201507.0
119950.28857421875,3915.0,-10.0,1.0,201508.0
119968.97143554688,3916.0,-9.0,3.0,201510.0
119987.654296875,3917.0,-8.0,6.0,201513.0
120006.33715820312,3918.0,-9.0,9.0,201516.0
120025.02001953125,3919.0,-11.0,11.0,201518.0
120043.70288085938,3920.0,-11.0,12.0,201519.0
120062.3857421875,3921.0,-9.0,15.0,201522.0
120081.06860351562,3922.0,-4.0,18.0,201525.0
120099.75122070312,3923.0,1.0,21.0,201528.0
120118.43408203125,3924.0,7.0,24.0,201531.0
120137.11694335938,3925.0,12.0,27.0,201534.0
120155.7998046875,3926.0,15.0,27.0,201534.0
120174.48266601562,3927.0,12.0,21.0,201528.0
120193.16552734375,3928.0,3.0,11.0,201518.0
120211.84838867188,3929.0,-8.0,-1.0,201506.0
120230.53125,3930.0,-19.0,-13.0,201494.0
120249.21411132812,3931.0,-29.0,-24.0,201483.0
120267.89672851562,3932.0,-37.0,-32.0,201475.0
120286.57958984375,3933.0,-40.0,-35.0,201472.0
120305.26245117188,3934.0,-42.0,-35.0,201472.0
120323.9453125,3935.0,-39.0,-31.0,201476.0
120342.62817382812,3936.0,-33.0,-27.0,201480.0
120361.31103515625,3937.0,-25.0,-21.0,201486.0
120379.99389648438,3938.0,-18.0,-15.0,201492.0
120398.6767578125,3939.0,-12.0,-9.0,201498.0
120417.359375,3940.0,-6.0,-4.0,201503.0
120436.04223632812,3941.0,0.0,1.0,201508.0
120454.72509765625,3942.0,5.0,4.0,201511.0
120473.40795898438,3943.0,8.0,8.0,201515.0
120492.0908203125,3944.0,10.0,11.0,201518.0
120510.77368164062,3945.0,10.0,12.0,201519.0
120529.45654296875,3946.0,8.0,9.0,201516.0
120548.13940429688,3947.0,4.0,5.0,201512.0
120566.822265625,3948.0,-2.0,0.0,201507.0
120585.5048828125,3949.0,-8.0,-3.0,201504.0
120604.18774414062,3950.0,-12.0,-5.0,201502.0
120622.87060546875,3951.0,-13.0,-5.0,201502.0
120641.55346679688,3952.0,-12.0,-4.0,201503.0
120660.236328125,3953.0,-11.0,-1.0,201506.0
120678.91918945312,3954.0,-8.0,2.0,201509.0
120697.60205078125,3955.0,-6.0,4.0,201511.0
120716.28491210938,3956.0,-4.0,6.0,201513.0
120734.96752929688,3957.0,-1.0,7.0,201514.0
120753.650390625,3958.0,2.0,9.0,201516.0
120772.33325195312,3959.0,5.0,13.0,201520.0
120791.01611328125,3960.0,8.0,17.0,201524.0
120809.69897460938,3961.0,11.0,22.0,201529.0
120828.3818359375,3962.0,11.0,23.0,201530.0
120847.06469726562,3963.0,6.0,17.0,201524.0
120865.74755859375,3964.0,-3.0,8.0,201515.0
120884.43017578125,3965.0,-14.0,-4.0,201503.0
120903.11303710938,3966.0,-22.0,-15.0,201492.0
120921.7958984375,3967.0,-28.0,-24.0,201483.0
120940.47875976562,3968.0,-33.0,-29.0,201478.0
120959.16162109375,3969.0,-35.0,-30.0,201477.0
120977.84448242188,3970.0,-33.0,-27.0,201480.0
120996.52734375,3971.0,-28.0,-20.0,201487.0
121015.21020507812,3972.0,-20.0,-14.0,201493.0
121033.89306640625,3973.0,-13.0,-7.0,201500.0
121052.57568359375,3974.0,-7.0,-1.0,201506.0
121071.25854492188,3975.0,-2.0,5.0,201512.0
121089.94140625,3976.0,0.0,10.0,201517.0
121108.62426757812,3977.0,1.0,13.0,201520.0
121127.30712890625,3978.0,3.0,16.0,201523.0
121145.98999023438,3979.0,3.0,18.0,201525.0
121164.6728515625,3980.0,2.0,18.0,201525.0
121183.35571289062,3981.0,0.0,17.0,201524.0
121202.03833007812,3982.0,-3.0,15.0,201522.0
121220.72119140625,3983.0,-8.0,12.0,201519.0
121239.40405273438,3984.0,-13.0,7.0,201514.0
121258.0869140625,3985.0,-18.0,5.0,201512.0
121276.76977539062,3986.0,-20.0,4.0,201511.0
121295.45263671875,3987.0,-19.0,6.0,201513.0
121314.13549804688,3988.0,-14.0,8.0,201515.0
121332.818359375,3989.0,-10.0,10.0,201517.0
121351.50122070312,3990.0,-6.0,13.0,201520.0
121370.18383789062,3991.0,-2.0,16.0,201523.0
121388.86669921875,3992.0,1.0,19.0,201526.0
121407.54956054688,3993.0,3.0,22.0,201529.0
121426.232421875,3994.0,5.0,25.0,201532.0
121444.91528320312,3995.0,7.0,28.0,201535.0
121463.59814453125,3996.0,8.0,31.0,201538.0
121482.28100585938,3997.0,8.0,34.0,201541.0
121500.9638671875,3998.0,9.0,36.0,201543.0
121519.646484375,3999.0,10.0,39.0,201546.0
121538.32934570312,4000.0,12.0,40.0,201547.0
121557.01220703125,4001.0,14.0,41.0,201548.0
121575.69506835938,4002.0,17.0,40.0,201547.0
121594.3779296875,4003.0,19.0,40.0,201547.0
121613.06079101562,4004.0,19.0,36.0,201543.0
121631.74365234375,4005.0,12.0,28.0,201535.0
121650.42651367188,4006.0,-1.0,15.0,201522.0
121669.109375,4007.0,-15.0,0.0,201507.0
121687.7919921875,4008.0,-28.0,-14.0,201493.0
121706.47485351562,4009.0,-38.0,-25.0,201482.0
121725.15771484375,4010.0,-44.0,-31.0,201476.0
121743.84057617188,4011.0,-47.0,-33.0,201474.0
121762.5234375,4012.0,-46.0,-29.0,201478.0
121781.20629882812,4013.0,-44.0,-24.0,201483.0
121799.88916015625,4014.0,-38.0,-17.0,201490.0
121818.57202148438,4015.0,-33.0,-8.0,201499.0
121837.25463867188,4016.0,-26.0,-1.0,201506.0
121855.9375,4017.0,-20.0,3.0,201510.0
121874.62036132812,4018.0,-16.0,6.0,201513.0
121893.30322265625,4019.0,-14.0,8.0,201515.0
121911.98608398438,4020.0,-13.0,10.0,201517.0
121930.6689453125,4021.0,-12.0,11.0,201518.0
121949.35180664062,4022.0,-10.0,13.0,201520.0
121968.03466796875,4023.0,-10.0,13.0,201520.0
121986.71728515625,4024.0,-13.0,11.0,201518.0
122005.40014648438,4025.0,-18.0,8.0,201515.0
122024.0830078125,4026.0,-21.0,4.0,201511.0
122042.76586914062,4027.0,-24.0,2.0,201509.0
122061.44873046875,4028.0,-25.0,1.0,201508.0
122080.13159179688,4029.0,-24.0,2.0,201509.0
122098.814453125,4030.0,-20.0,3.0,201510.0
122117.49731445312,4031.0,-17.0,4.0,201511.0
122136.18017578125,4032.0,-14.0,7.0,201514.0
122154.86279296875,4033.0,-12.0,11.0,201518.0
122173.54565429688,4034.0,-11.0,14.0,201521.0
122192.228515625,4035.0,-9.0,17.0,201524.0
122210.91137695312,4036.0,-6.0,21.0,201528.0
122229.59423828125,4037.0,-2.0,25.0,201532.0
122248.27709960938,4038.0,4.0,28.0,201535.0
122266.9599609375,4039.0,9.0,30.0,201537.0
122285.64282226562,4040.0,14.0,32.0,201539.0
122304.32543945312,4041.0,17.0,34.0,201541.0
122323.00830078125,4042.0,19.0,34.0,201541.0
122341.69116210938,4043.0,20.0,33.0,201540.0
122360.3740234375,4044.0,19.0,31.0,201538.0
122379.05688476562,4045.0,14.0,28.0,201535.0
122397.73974609375,4046.0,5.0,20.0,201527.0
122416.42260742188,4047.0,-7.0,8.0,201515.0
122435.10546875,4048.0,-18.0,-5.0,201502.0
122453.78833007812,4049.0,-29.0,-17.0,201490.0
122472.47094726562,4050.0,-36.0,-24.0,201483.0
122491.15380859375,4051.0,-38.0,-27.0,201480.0
122509.83666992188,4052.0,-38.0,-25.0,201482.0
122528.51953125,4053.0,-34.0,-18.0,201489.0
122547.20239257812,4054.0,-26.0,-11.0,201496.0
122565.88525390625,4055.0,-18.0,-5.0,201502.0
122584.56811523438,4056.0,-11.0,0.0,201507.0
122603.2509765625,4057.0,-4.0,5.0,201512.0
122621.93359375,4058.0,0.0,9.0,201516.0
122640.61645507812,4059.0,1.0,12.0,201519.0
122659.29931640625,4060.0,1.0,13.0,201520.0
122677.98217773438,4061.0,3.0,16.0,201523.0
122696.6650390625,4062.0,6.0,18.0,201525.0
122715.34790039062,4063.0,10.0,21.0,201528.0
122734.03076171875,4064.0,12.0,22.0,201529.0
122752.71362304688,4065.0,13.0,20.0,201527.0
122771.396484375,4066.0,10.0,15.0,201522.0
122790.0791015625,4067.0,5.0,10.0,201517.0
122808.76196289062,4068.0,1.0,6.0,201513.0
122827.44482421875,4069.0,-2.0,3.0,201510.0
122846.12768554688,4070.0,-1.0,2.0,201509.0
122864.810546875,4071.0,1.0,3.0,201510.0
122883.49340820312,4072.0,3.0,6.0,201513.0
122902.17626953125,4073.0,6.0,10.0,201517.0
122920.85913085938,4074.0,7.0,14.0,201521.0
122939.54174804688,4075.0,9.0,17.0,201524.0
122958.224609375,4076.0,9.0,18.0,201525.0
122976.90747070312,4077.0,8.0,20.0,201527.0
122995.59033203125,4078.0,7.0,22.0,201529.0
123014.27319335938,4079.0,6.0,24.0,201531.0
123032.9560546875,4080.0,7.0,26.0,201533.0
123051.63891601562,4081.0,7.0,27.0,201534.0
123070.32177734375,4082.0,6.0,26.0,201533.0
123089.00439453125,4083.0,2.0,22.0,201529.0
123107.68725585938,4084.0,-5.0,12.0,201519.0
123126.3701171875,4085.0,-12.0,0.0,201507.0
123145.05297851562,4086.0,-19.0,-11.0,201496.0
123163.73583984375,4087.0,-24.0,-19.0,201488.0
123182.41870117188,4088.0,-28.0,-23.0,201484.0
123201.1015625,4089.0,-30.0,-24.0,201483.0
123219.78442382812,4090.0,-27.0,-21.0,201486.0
123238.46728515625,4091.0,-23.0,-15.0,201492.0
123257.14990234375,4092.0,-18.0,-7.0,201500.0
123275.83276367188,4093.0,-13.0,0.0,201507.0
123294.515625,4094.0,-7.0,7.0,201514.0
123313.19848632812,4095.0,-3.0,12.0,201519.0
123331.88134765625,4096.0,0.0,15.0,201522.0
123350.56420898438,4097.0,2.0,17.0,201524.0
123369.2470703125,4098.0,4.0,18.0,201525.0
123387.92993164062,4099.0,5.0,20.0,201527.0
123406.61254882812,4100.0,6.0,22.0,201529.0
123425.29541015625,4101.0,7.0,21.0,201528.0
123443.97827148438,4102.0,6.0,19.0,201526.0
123462.6611328125,4103.0,4.0,16.0,201523.0
123481.34399414062,4104.0,0.0,12.0,201519.0
123500.02685546875,4105.0,-4.0,10.0,201517.0
123518.70971679688,4106.0,-5.0,10.0,201517.0
123537.392578125,4107.0,-4.0,10.0,201517.0
123556.07543945312,4108.0,-2.0,13.0,201520.0
123574.75805664062,4109.0,3.0,17.0,201524.0
123593.44091796875,4110.0,5.0,21.0,201528.0
123612.12377929688,4111.0,7.0,24.0,201531.0
123630.806640625,4112.0,9.0,25.0,201532.0
123649.48950195312,4113.0,11.0,27.0,201534.0
123668.17236328125,4114.0,12.0,30.0,201537.0
123686.85522460938,4115.0,13.0,32.0,201539.0
123705.5380859375,4116.0,14.0,34.0,201541.0
123724.220703125,4117.0,16.0,37.0,201544.0
123742.90356445312,4118.0,17.0,38.0,201545.0
123761.58642578125,4119.0,17.0,38.0,201545.0
123780.26928710938,4120.0,11.0,31.0,201538.0
123798.9521484375,4121.0,2.0,20.0,201527.0
123817.63500976562,4122.0,-8.0,6.0,201513.0
123836.31787109375,4123.0,-19.0,-7.0,201500.0
123855.00073242188,4124.0,-28.0,-16.0,201491.0
123873.68359375,4125.0,-33.0,-22.0,201485.0
123892.3662109375,4126.0,-34.0,-23.0,201484.0
123911.04907226562,4127.0,-30.0,-20.0,201487.0
123929.73193359375,4128.0,-24.0,-15.0,201492.0
123948.41479492188,4129.0,-19.0,-9.0,201498.0
123967.09765625,4130.0,-14.0,-2.0,201505.0
123985.78051757812,4131.0,-9.0,3.0,201510.0
124004.46337890625,4132.0,-4.0,8.0,201515.0
124023.14624023438,4133.0,-1.0,12.0,201519.0
124041.82885742188,4134.0,1.0,17.0,201524.0
124060.51171875,4135.0,2.0,20.0,201527.0
124079.19458007812,4136.0,3.0,20.0,201527.0
124097.87744140625,4137.0,3.0,21.0,201528.0
124116.56030273438,4138.0,2.0,20.0,201527.0
124135.2431640625,4139.0,0.0,16.0,201523.0
124153.92602539062,4140.0,-4.0,13.0,201520.0
124172.60888671875,4141.0,-8.0,8.0,201515.0
124191.29150390625,4142.0,-10.0,6.0,201513.0
124209.97436523438,4143.0,-11.0,4.0,201511.0
124228.6572265625,4144.0,-11.0,4.0,201511.0
124247.34008789062,4145.0,-11.0,4.0,201511.0
124266.02294921875,4146.0,-10.0,6.0,201513.0
124284.70581054688,4147.0,-8.0,8.0,201515.0
124303.388671875,4148.0,-4.0,10.0,201517.0
124322.07153320312,4149.0,1.0,13.0,201520.0
124340.75439453125,4150.0,4.0,15.0,201522.0
124359.43701171875,4151.0,5.0,17.0,201524.0
124378.11987304688,4152.0,6.0,18.0,201525.0
124396.802734375,4153.0,6.0,20.0,201527.0
124415.48559570312,4154.0,7.0,22.0,201529.0
124434.16845703125,4155.0,8.0,24.0,201531.0
124452.85131835938,4156.0,11.0,25.0,201532.0
124471.5341796875,4157.0,13.0,26.0,201533.0
124490.21704101562,4158.0,13.0,24.0,201531.0
124508.89965820312,4159.0,10.0,17.0,201524.0
124527.58251953125,4160.0,3.0,5.0,201512.0
124546.26538085938,4161.0,-8.0,-7.0,201500.0
124564.9482421875,4162.0,-17.0,-18.0,201489.0
124583.63110351562,4163.0,-24.0,-26.0,201481.0
124602.31396484375,4164.0,-27.0,-30.0,201477.0
124620.99682617188,4165.0,-26.0,-30.0,201477.0
124639.6796875,4166.0,-22.0,-27.0,201480.0
124658.36254882812,4167.0,-19.0,-24.0,201483.0
124677.04516601562,4168.0,-17.0,-20.0,201487.0
124695.72802734375,4169.0,-14.0,-16.0,201491.0
124714.41088867188,4170.0,-10.0,-10.0,201497.0
124733.09375,4171.0,-8.0,-7.0,201500.0
124751.77661132812,4172.0,-5.0,-5.0,201502.0
124770.45947265625,4173.0,-2.0,-2.0,201505.0
124789.14233398438,4174.0,-2.0,0.0,201507.0
124807.8251953125,4175.0,-4.0,3.0,201510.0
124826.5078125,4176.0,-6.0,3.0,201510.0
124845.19067382812,4177.0,-8.0,1.0,201508.0
124863.87353515625,4178.0,-9.0,-2.0,201505.0
124882.55639648438,4179.0,-10.0,-5.0,201502.0
124901.2392578125,4180.0,-12.0,-8.0,201499.0
124919.92211914062,4181.0,-13.0,-10.0,201497.0
124938.60498046875,4182.0,-15.0,-12.0,201495.0
124957.28784179688,4183.0,-15.0,-12.0,201495.0
124975.970703125,4184.0,-14.0,-10.0,201497.0
124994.6533203125,4185.0,-11.0,-8.0,201499.0
125013.33618164062,4186.0,-7.0,-4.0,201503.0
125032.01904296875,4187.0,-1.0,-1.0,201506.0
125050.70190429688,4188.0,3.0,3.0,201510.0
125069.384765625,4189.0,6.0,6.0,201513.0
125088.06762695312,4190.0,8.0,10.0,201517.0
125106.75048828125,4191.0,9.0,13.0,201520.0
125125.43334960938,4192.0,9.0,13.0,201520.0
125144.11596679688,4193.0,6.0,12.0,201519.0
125162.798828125,4194.0,1.0,7.0,201514.0
125181.48168945312,4195.0,-8.0,-1.0,201506.0
125200.16455078125,4196.0,-19.0,-13.0,201494.0
125218.84741210938,4197.0,-29.0,-25.0,201482.0
125237.5302734375,4198.0,-35.0,-34.0,201473.0
125256.21313476562,4199.0,-38.0,-40.0,201467.0
125274.89599609375,4200.0,-36.0,-41.0,201466.0
125293.57861328125,4201.0,-33.0,-36.0,201471.0
125312.26147460938,4202.0,-28.0,-30.0,201477.0
125330.9443359375,4203.0,-21.0,-23.0,201484.0
125349.62719726562,4204.0,-15.0,-16.0,201491.0
125368.31005859375,4205.0,-7.0,-9.0,201498.0
125386.99291992188,4206.0,-1.0,-2.0,201505.0
125405.67578125,4207.0,4.0,4.0,201511.0
125424.35864257812,4208.0,7.0,8.0,201515.0
125443.04150390625,4209.0,8.0,11.0,201518.0
125461.72412109375,4210.0,9.0,13.0,201520.0
125480.40698242188,4211.0,10.0,13.0,201520.0
125499.08984375,4212.0,10.0,12.0,201519.0
125517.77270507812,4213.0,9.0,10.0,201517.0
125536.45556640625,4214.0,8.0,6.0,201513.0
125555.13842773438,4215.0,6.0,0.0,201507.0
125573.8212890625,4216.0,4.0,-4.0,201503.0
125592.50415039062,4217.0,4.0,-5.0,201502.0
125611.18676757812,4218.0,3.0,-5.0,201502.0
125629.86962890625,4219.0,3.0,-4.0,201503.0
125648.55249023438,4220.0,4.0,-2.0,201505.0
125667.2353515625,4221.0,7.0,0.0,201507.0
125685.91821289062,4222.0,11.0,4.0,201511.0
125704.60107421875,4223.0,15.0,6.0,201513.0
125723.28393554688,4224.0,19.0,8.0,201515.0
125741.966796875,4225.0,21.0,10.0,201517.0
125760.64965820312,4226.0,21.0,11.0,201518.0
125779.33227539062,4227.0,21.0,13.0,201520.0
125798.01513671875,4228.0,20.0,14.0,201521.0
125816.69799804688,4229.0,18.0,13.0,201520.0
125835.380859375,4230.0,13.0,9.0,201516.0
125854.06372070312,4231.0,2.0,0.0,201507.0
125872.74658203125,4232.0,-10.0,-12.0,201495.0
125891.42944335938,4233.0,-22.0,-25.0,201482.0
125910.1123046875,4234.0,-32.0,-36.0,201471.0
125928.794921875,4235.0,-39.0,-42.0,201465.0
125947.47778320312,4236.0,-42.0,-45.0,201462.0
125966.16064453125,4237.0,-41.0,-43.0,201464.0
125984.84350585938,4238.0,-35.0,-39.0,201468.0
126003.5263671875,4239.0,-27.0,-31.0,201476.0
126022.20922851562,4240.0,-19.0,-24.0,201483.0
126040.89208984375,4241.0,-12.0,-18.0,201489.0
126059.57495117188,4242.0,-7.0,-10.0,201497.0
126078.2578125,4243.0,-2.0,-4.0,201503.0
126096.9404296875,4244.0,3.0,1.0,201508.0
126115.62329101562,4245.0,6.0,5.0,201512.0
126134.30615234375,4246.0,7.0,8.0,201515.0
126152.98901367188,4247.0,6.0,9.0,201516.0
126171.671875,4248.0,2.0,6.0,201513.0
126190.35473632812,4249.0,-3.0,2.0,201509.0
126209.03759765625,4250.0,-7.0,-2.0,201505.0
126227.72045898438,4251.0,-10.0,-7.0,201500.0
126246.40307617188,4252.0,-11.0,-10.0,201497.0
126265.0859375,4253.0,-11.0,-10.0,201497.0
126283.76879882812,4254.0,-8.0,-9.0,201498.0
126302.45166015625,4255.0,-5.0,-6.0,201501.0
126321.13452148438,4256.0,-2.0,-3.0,201504.0
126339.8173828125,4257.0,-1.0,0.0,201507.0
126358.50024414062,4258.0,1.0,2.0,201509.0
126377.18310546875,4259.0,4.0,4.0,201511.0
126395.86572265625,4260.0,6.0,5.0,201512.0
126414.54858398438,4261.0,8.0,7.0,201514.0
126433.2314453125,4262.0,9.0,8.0,201515.0
126451.91430664062,4263.0,11.0,11.0,201518.0
126470.59716796875,4264.0,12.0,13.0,201520.0
126489.28002929688,4265.0,13.0,12.0,201519.0
126507.962890625,4266.0,10.0,8.0,201515.0
126526.64575195312,4267.0,4.0,0.0,201507.0
126545.32861328125,4268.0,-4.0,-10.0,201497.0
126564.01123046875,4269.0,-12.0,-21.0,201486.0
126582.69409179688,4270.0,-17.0,-30.0,201477.0
126601.376953125,4271.0,-22.0,-36.0,201471.0
126620.05981445312,4272.0,-26.0,-39.0,201468.0
126638.74267578125,4273.0,-28.0,-37.0,201470.0
126657.42553710938,4274.0,-28.0,-33.0,201474.0
126676.1083984375,4275.0,-25.0,-26.0,201481.0
126694.79125976562,4276.0,-20.0,-19.0,201488.0
126713.47387695312,4277.0,-12.0,-12.0,201495.0
126732.15673828125,4278.0,-4.0,-5.0,201502.0
126750.83959960938,4279.0,3.0,2.0,201509.0
126769.5224609375,4280.0,8.0,6.0,201513.0
126788.20532226562,4281.0,11.0,8.0,201515.0
126806.88818359375,4282.0,12.0,10.0,201517.0
126825.57104492188,4283.0,11.0,10.0,201517.0
126844.25390625,4284.0,9.0,8.0,201515.0
126862.93676757812,4285.0,6.0,6.0,201513.0
126881.61938476562,4286.0,3.0,2.0,201509.0
126900.30224609375,4287.0,-1.0,-2.0,201505.0
126918.98510742188,4288.0,-4.0,-5.0,201502.0
126937.66796875,4289.0,-6.0,-6.0,201501.0
126956.35083007812,4290.0,-6.0,-6.0,201501.0
126975.03369140625,4291.0,-5.0,-6.0,201501.0
126993.71655273438,4292.0,-3.0,-4.0,201503.0
127012.3994140625,4293.0,-3.0,-2.0,201505.0
127031.08203125,4294.0,-3.0,0.0,201507.0
127049.76489257812,4295.0,-1.0,2.0,201509.0
127068.44775390625,4296.0,0.0,4.0,201511.0
127087.13061523438,4297.0,4.0,5.0,201512.0
127105.8134765625,4298.0,7.0,7.0,201514.0
127124.49633789062,4299.0,11.0,9.0,201516.0
127143.17919921875,4300.0,15.0,11.0,201518.0
127161.86206054688,4301.0,17.0,12.0,201519.0
127180.544921875,4302.0,18.0,13.0,201520.0
127199.2275390625,4303.0,15.0,10.0,201517.0
127217.91040039062,4304.0,9.0,3.0,201510.0
127236.59326171875,4305.0,-2.0,-7.0,201500.0
127255.27612304688,4306.0,-12.0,-19.0,201488.0
127273.958984375,4307.0,-20.0,-28.0,201479.0
127292.64184570312,4308.0,-26.0,-35.0,201472.0
127311.32470703125,4309.0,-30.0,-39.0,201468.0
127330.00756835938,4310.0,-29.0,-38.0,201469.0
127348.69018554688,4311.0,-26.0,-34.0,201473.0
127367.373046875,4312.0,-23.0,-28.0,201479.0
127386.05590820312,4313.0,-20.0,-22.0,201485.0
127404.73876953125,4314.0,-14.0,-17.0,201490.0
127423.42163085938,4315.0,-10.0,-11.0,201496.0
127442.1044921875,4316.0,-6.0,-5.0,201502.0
127460.78735351562,4317.0,-2.0,-1.0,201506.0
127479.47021484375,4318.0,1.0,4.0,201511.0
127498.15283203125,4319.0,3.0,7.0,201514.0
127516.83569335938,4320.0,5.0,8.0,201515.0
127535.5185546875,4321.0,6.0,7.0,201514.0
127554.20141601562,4322.0,4.0,2.0,201509.0
127572.88427734375,4323.0,2.0,-4.0,201503.0
127591.56713867188,4324.0,-3.0,-10.0,201497.0
127610.25,4325.0,-7.0,-14.0,201493.0
127628.93286132812,4326.0,-10.0,-15.0,201492.0
127647.61572265625,4327.0,-10.0,-15.0,201492.0
127666.29833984375,4328.0,-8.0,-14.0,201493.0
127684.98120117188,4329.0,-5.0,-12.0,201495.0
127703.6640625,4330.0,0.0,-9.0,201498.0
127722.34692382812,4331.0,6.0,-5.0,201502.0
127741.02978515625,4332.0,11.0,0.0,201507.0
127759.71264648438,4333.0,15.0,4.0,201511.0
127778.3955078125,4334.0,16.0,8.0,201515.0
127797.07836914062,4335.0,16.0,11.0,201518.0
127815.76098632812,4336.0,15.0,12.0,201519.0
127834.44384765625,4337.0,13.0,13.0,201520.0
127853.12670898438,4338.0,12.0,15.0,201522.0
127871.8095703125,4339.0,14.0,16.0,201523.0
127890.49243164062,4340.0,16.0,19.0,201526.0
127909.17529296875,4341.0,17.0,18.0,201525.0
127927.85815429688,4342.0,13.0,11.0,201518.0
127946.541015625,4343.0,5.0,0.0,201507.0
127965.22387695312,4344.0,-6.0,-13.0,201494.0
127983.90649414062,4345.0,-17.0,-25.0,201482.0
128002.58935546875,4346.0,-26.0,-32.0,201475.0
128021.27221679688,4347.0,-31.0,-36.0,201471.0
128039.955078125,4348.0,-32.0,-35.0,201472.0
128058.63793945312,4349.0,-29.0,-32.0,201475.0
128077.32080078125,4350.0,-23.0,-28.0,201479.0
128096.00366210938,4351.0,-16.0,-22.0,201485.0
128114.6865234375,4352.0,-8.0,-17.0,201490.0
128133.369140625,4353.0,-1.0,-13.0,201494.0
128152.05200195312,4354.0,4.0,-9.0,201498.0
128170.73486328125,4355.0,7.0,-7.0,201500.0
128189.41772460938,4356.0,9.0,-4.0,201503.0
128208.1005859375,4357.0,9.0,-2.0,201505.0
128226.78344726562,4358.0,9.0,1.0,201508.0
128245.46630859375,4359.0,10.0,1.0,201508.0
128264.14916992188,4360.0,8.0,0.0,201507.0
128282.83203125,4361.0,4.0,-3.0,201504.0
128301.5146484375,4362.0,-1.0,-8.0,201499.0
128320.19750976562,4363.0,-5.0,-12.0,201495.0
128338.88037109375,4364.0,-9.0,-15.0,201492.0
128357.56323242188,4365.0,-11.0,-16.0,201491.0
128376.24609375,4366.0,-11.0,-15.0,201492.0
128394.92895507812,4367.0,-9.0,-13.0,201494.0
128413.61181640625,4368.0,-7.0,-9.0,201498.0
128432.29467773438,4369.0,-4.0,-6.0,201501.0
128450.97729492188,4370.0,-2.0,-2.0,201505.0
128469.66015625,4371.0,0.0,1.0,201508.0
128488.34301757812,4372.0,2.0,5.0,201512.0
128507.02587890625,4373.0,4.0,9.0,201516.0
128525.70874023438,4374.0,6.0,12.0,201519.0
128544.3916015625,4375.0,8.0,14.0,201521.0
128563.07446289062,4376.0,7.0,14.0,201521.0
128581.75732421875,4377.0,5.0,11.0,201518.0
128600.43994140625,4378.0,-1.0,3.0,201510.0
128619.12280273438,4379.0,-10.0,-7.0,201500.0
128637.8056640625,4380.0,-20.0,-20.0,201487.0
128656.48852539062,4381.0,-30.0,-33.0,201474.0
128675.17138671875,4382.0,-39.0,-42.0,201465.0
128693.85424804688,4383.0,-43.0,-47.0,201460.0
128712.537109375,4384.0,-43.0,-46.0,201461.0
128731.21997070312,4385.0,-38.0,-42.0,201465.0
128749.90283203125,4386.0,-34.0,-34.0,201473.0
128768.58544921875,4387.0,-27.0,-26.0,201481.0
128787.26831054688,4388.0,-21.0,-18.0,201489.0
128805.951171875,4389.0,-16.0,-11.0,201496.0
128824.63403320312,4390.0,-13.0,-6.0,201501.0
128843.31689453125,4391.0,-10.0,-3.0,201504.0
128861.99975585938,4392.0,-8.0,-1.0,201506.0
128880.6826171875,4393.0,-5.0,1.0,201508.0
128899.36547851562,4394.0,-3.0,2.0,201509.0
128918.04809570312,4395.0,-2.0,2.0,201509.0
128936.73095703125,4396.0,-4.0,0.0,201507.0
128955.41381835938,4397.0,-6.0,-5.0,201502.0
128974.0966796875,4398.0,-9.0,-10.0,201497.0
128992.77954101562,4399.0,-12.0,-15.0,201492.0
129011.46240234375,4400.0,-15.0,-18.0,201489.0
129030.14526367188,4401.0,-16.0,-17.0,201490.0
129048.828125,4402.0,-14.0,-16.0,201491.0
129067.51098632812,4403.0,-13.0,-13.0,201494.0
129086.19360351562,4404.0,-11.0,-9.0,201498.0
129104.87646484375,4405.0,-8.0,-6.0,201501.0
129123.55932617188,4406.0,-5.0,-2.0,201505.0
129142.2421875,4407.0,-2.0,2.0,201509.0
129160.92504882812,4408.0,2.0,6.0,201513.0
129179.60791015625,4409.0,6.0,9.0,201516.0
129198.29077148438,4410.0,10.0,12.0,201519.0
129216.9736328125,4411.0,11.0,13.0,201520.0
129235.65625,4412.0,8.0,9.0,201516.0
129254.33911132812,4413.0,0.0,1.0,201508.0
129273.02197265625,4414.0,-11.0,-9.0,201498.0
129291.70483398438,4415.0,-23.0,-20.0,201487.0
129310.3876953125,4416.0,-32.0,-29.0,201478.0
129329.07055664062,4417.0,-36.0,-35.0,201472.0
129347.75341796875,4418.0,-37.0,-36.0,201471.0
129366.43627929688,4419.0,-33.0,-34.0,201473.0
129385.119140625,4420.0,-28.0,-28.0,201479.0
129403.8017578125,4421.0,-22.0,-22.0,201485.0
129422.48461914062,4422.0,-14.0,-15.0,201492.0
129441.16748046875,4423.0,-8.0,-8.0,201499.0
129459.85034179688,4424.0,-4.0,-3.0,201504.0
129478.533203125,4425.0,-1.0,1.0,201508.0
129497.21606445312,4426.0,1.0,5.0,201512.0
129515.89892578125,4427.0,4.0,9.0,201516.0
129534.58178710938,4428.0,7.0,11.0,201518.0
129553.26440429688,4429.0,7.0,8.0,201515.0
129571.947265625,4430.0,5.0,4.0,201511.0
129590.63012695312,4431.0,0.0,0.0,201507.0
129609.31298828125,4432.0,-5.0,-5.0,201502.0
129627.99584960938,4433.0,-10.0,-8.0,201499.0
129646.6787109375,4434.0,-12.0,-8.0,201499.0
129665.36157226562,4435.0,-13.0,-6.0,201501.0
129684.04443359375,4436.0,-13.0,-3.0,201504.0
129702.72705078125,4437.0,-11.0,0.0,201507.0
129721.40991210938,4438.0,-9.0,2.0,201509.0
129740.0927734375,4439.0,-5.0,4.0,201511.0
129758.77563476562,4440.0,-1.0,6.0,201513.0
129777.45849609375,4441.0,4.0,9.0,201516.0
129796.14135742188,4442.0,9.0,12.0,201519.0
129814.82421875,4443.0,14.0,17.0,201524.0
129833.50708007812,4444.0,17.0,21.0,201528.0
129852.18994140625,4445.0,19.0,21.0,201528.0
129870.87255859375,4446.0,15.0,17.0,201524.0
129889.55541992188,4447.0,5.0,7.0,201514.0
129908.23828125,4448.0,-8.0,-5.0,201502.0
129926.92114257812,4449.0,-19.0,-17.0,201490.0
129945.60400390625,4450.0,-28.0,-25.0,201482.0
129964.28686523438,4451.0,-33.0,-31.0,201476.0
129982.9697265625,4452.0,-33.0,-31.0,201476.0
130001.65258789062,4453.0,-30.0,-26.0,201481.0
130020.33520507812,4454.0,-24.0,-19.0,201488.0
130039.01806640625,4455.0,-18.0,-11.0,201496.0
130057.70092773438,4456.0,-14.0,-5.0,201502.0
130076.3837890625,4457.0,-14.0,-1.0,201506.0
130095.06665039062,4458.0,-15.0,1.0,201508.0
130113.74951171875,4459.0,-16.0,3.0,201510.0
130132.43237304688,4460.0,-17.0,6.0,201513.0
130151.115234375,4461.0,-18.0,8.0,201515.0
130169.79809570312,4462.0,-17.0,10.0,201517.0
130188.48071289062,4463.0,-16.0,10.0,201517.0
130207.16357421875,4464.0,-14.0,9.0,201516.0
130225.84643554688,4465.0,-14.0,6.0,201513.0
130244.529296875,4466.0,-14.0,4.0,201511.0
130263.21215820312,4467.0,-14.0,2.0,201509.0
130281.89501953125,4468.0,-11.0,1.0,201508.0
130300.57788085938,4469.0,-7.0,2.0,201509.0
130319.2607421875,4470.0,-2.0,4.0,201511.0
130337.943359375,4471.0,1.0,8.0,201515.0
130356.62622070312,4472.0,4.0,11.0,201518.0
130375.30908203125,4473.0,8.0,12.0,201519.0
130393.99194335938,4474.0,12.0,15.0,201522.0
130412.6748046875,4475.0,15.0,17.0,201524.0
130431.35766601562,4476.0,16.0,19.0,201526.0
130450.04052734375,4477.0,17.0,21.0,201528.0
130468.72338867188,4478.0,17.0,23.0,201530.0
130487.40625,4479.0,17.0,24.0,201531.0
130506.0888671875,4480.0,15.0,25.0,201532.0
130524.77172851562,4481.0,10.0,21.0,201528.0
130543.45458984375,4482.0,3.0,11.0,201518.0
130562.13745117188,4483.0,-4.0,-1.0,201506.0
130580.8203125,4484.0,-10.0,-12.0,201495.0
130599.50317382812,4485.0,-15.0,-21.0,201486.0
130618.18603515625,4486.0,-19.0,-25.0,201482.0
130636.86889648438,4487.0,-20.0,-25.0,201482.0
130655.55151367188,4488.0,-19.0,-21.0,201486.0
130674.234375,4489.0,-15.0,-15.0,201492.0
130692.91723632812,4490.0,-10.0,-8.0,201499.0
130711.60009765625,4491.0,-3.0,1.0,201508.0
130730.28295898438,4492.0,5.0,8.0,201515.0
130748.9658203125,4493.0,12.0,13.0,201520.0
130767.64868164062,4494.0,18.0,16.0,201523.0
130786.33154296875,4495.0,23.0,18.0,201525.0
130805.01416015625,4496.0,26.0,20.0,201527.0
130823.69702148438,4497.0,28.0,21.0,201528.0
130842.3798828125,4498.0,28.0,21.0,201528.0
130861.06274414062,4499.0,26.0,19.0,201526.0
130879.74560546875,4500.0,21.0,15.0,201522.0
130898.42846679688,4501.0,14.0,12.0,201519.0
130917.111328125,4502.0,7.0,9.0,201516.0
130935.79418945312,4503.0,2.0,7.0,201514.0
130954.47705078125,4504.0,0.0,6.0,201513.0
130973.15966796875,4505.0,1.0,6.0,201513.0
130991.84252929688,4506.0,4.0,9.0,201516.0
131010.525390625,4507.0,8.0,13.0,201520.0
131029.20825195312,4508.0,12.0,18.0,201525.0
131047.89111328125,4509.0,17.0,22.0,201529.0
131066.57397460938,4510.0,20.0,25.0,201532.0
131085.2568359375,4511.0,23.0,27.0,201534.0
131103.93969726562,4512.0,25.0,28.0,201535.0
131122.62231445312,4513.0,27.0,29.0,201536.0
131141.30517578125,4514.0,28.0,31.0,201538.0
131159.98803710938,4515.0,30.0,32.0,201539.0
131178.6708984375,4516.0,31.0,32.0,201539.0
131197.35375976562,4517.0,25.0,27.0,201534.0
131216.03662109375,4518.0,16.0,16.0,201523.0
131234.71948242188,4519.0,4.0,4.0,201511.0
131253.40234375,4520.0,-7.0,-6.0,201501.0
131272.08520507812,4521.0,-15.0,-14.0,201493.0
131290.76782226562,4522.0,-20.0,-17.0,201490.0
131309.45068359375,4523.0,-22.0,-16.0,201491.0
131328.13354492188,4524.0,-17.0,-13.0,201494.0
131346.81640625,4525.0,-10.0,-7.0,201500.0
131365.49926757812,4526.0,-4.0,0.0,201507.0
131384.18212890625,4527.0,2.0,6.0,201513.0
131402.86499023438,4528.0,9.0,12.0,201519.0
131421.5478515625,4529.0,15.0,17.0,201524.0
131440.23046875,4530.0,20.0,21.0,201528.0
131458.91333007812,4531.0,21.0,22.0,201529.0
131477.59619140625,4532.0,21.0,24.0,201531.0
131496.27905273438,4533.0,19.0,25.0,201532.0
131514.9619140625,4534.0,16.0,26.0,201533.0
131533.64477539062,4535.0,12.0,24.0,201531.0
131552.32763671875,4536.0,6.0,20.0,201527.0
131571.01049804688,4537.0,2.0,16.0,201523.0
131589.69311523438,4538.0,-2.0,12.0,201519.0
131608.3759765625,4539.0,-4.0,7.0,201514.0
131627.05883789062,4540.0,-3.0,6.0,201513.0
131645.74169921875,4541.0,-1.0,7.0,201514.0
131664.42456054688,4542.0,1.0,9.0,201516.0
131683.107421875,4543.0,3.0,11.0,201518.0
131701.79028320312,4544.0,4.0,15.0,201522.0
131720.47314453125,4545.0,5.0,19.0,201526.0
131739.15600585938,4546.0,5.0,21.0,201528.0
131757.83862304688,4547.0,4.0,22.0,201529.0
131776.521484375,4548.0,3.0,24.0,201531.0
131795.20434570312,4549.0,4.0,25.0,201532.0
131813.88720703125,4550.0,6.0,27.0,201534.0
131832.57006835938,4551.0,8.0,27.0,201534.0
131851.2529296875,4552.0,8.0,25.0,201532.0
131869.93579101562,4553.0,2.0,19.0,201526.0
131888.61865234375,4554.0,-7.0,7.0,201514.0
131907.30126953125,4555.0,-18.0,-5.0,201502.0
131925.98413085938,4556.0,-28.0,-17.0,201490.0
131944.6669921875,4557.0,-35.0,-24.0,201483.0
131963.34985351562,4558.0,-39.0,-29.0,201478.0
131982.03271484375,4559.0,-39.0,-29.0,201478.0
132000.71557617188,4560.0,-34.0,-24.0,201483.0
132019.3984375,4561.0,-26.0,-18.0,201489.0
132038.08129882812,4562.0,-16.0,-11.0,201496.0
132056.76416015625,4563.0,-8.0,-5.0,201502.0
132075.44677734375,4564.0,-2.0,-1.0,201506.0
132094.12963867188,4565.0,0.0,0.0,201507.0
132112.8125,4566.0,1.0,0.0,201507.0
132131.49536132812,4567.0,1.0,-1.0,201506.0
132150.17822265625,4568.0,2.0,-1.0,201506.0
132168.86108398438,4569.0,3.0,1.0,201508.0
132187.5439453125,4570.0,3.0,3.0,201510.0
132206.22680664062,4571.0,1.0,4.0,201511.0
132224.90942382812,4572.0,-2.0,3.0,201510.0
132243.59228515625,4573.0,-5.0,0.0,201507.0
132262.27514648438,4574.0,-8.0,-4.0,201503.0
132280.9580078125,4575.0,-9.0,-7.0,201500.0
132299.64086914062,4576.0,-9.0,-7.0,201500.0
132318.32373046875,4577.0,-8.0,-7.0,201500.0
132337.00659179688,4578.0,-7.0,-4.0,201503.0
132355.689453125,4579.0,-4.0,0.0,201507.0
132374.37231445312,4580.0,-1.0,4.0,201511.0
132393.05493164062,4581.0,-1.0,7.0,201514.0
132411.73779296875,4582.0,-1.0,9.0,201516.0
132430.42065429688,4583.0,-2.0,10.0,201517.0
132449.103515625,4584.0,-3.0,12.0,201519.0
132467.78637695312,4585.0,-3.0,14.0,201521.0
132486.46923828125,4586.0,-4.0,15.0,201522.0
132505.15209960938,4587.0,-7.0,14.0,201521.0
132523.8349609375,4588.0,-13.0,9.0,201516.0
132542.517578125,4589.0,-22.0,-1.0,201506.0
132561.20043945312,4590.0,-31.0,-11.0,201496.0
132579.88330078125,4591.0,-38.0,-20.0,201487.0
132598.56616210938,4592.0,-43.0,-27.0,201480.0
132617.2490234375,4593.0,-43.0,-31.0,201476.0
132635.93188476562,4594.0,-40.0,-30.0,201477.0
132654.61474609375,4595.0,-33.0,-27.0,201480.0
132673.29760742188,4596.0,-25.0,-21.0,201486.0
132691.98022460938,4597.0,-14.0,-12.0,201495.0
132710.6630859375,4598.0,-3.0,-4.0,201503.0
132729.34594726562,4599.0,8.0,3.0,201510.0
132748.02880859375,4600.0,15.0,8.0,201515.0
132766.71166992188,4601.0,19.0,12.0,201519.0
132785.39453125,4602.0,18.0,14.0,201521.0
132804.07739257812,4603.0,16.0,16.0,201523.0
132822.76025390625,4604.0,14.0,18.0,201525.0
132841.44311523438,4605.0,12.0,20.0,201527.0
132860.12573242188,4606.0,13.0,22.0,201529.0
132878.80859375,4607.0,13.0,21.0,201528.0
132897.49145507812,4608.0,11.0,20.0,201527.0
132916.17431640625,4609.0,9.0,18.0,201525.0
132934.85717773438,4610.0,6.0,16.0,201523.0
132953.5400390625,4611.0,5.0,15.0,201522.0
132972.22290039062,4612.0,5.0,15.0,201522.0
132990.90576171875,4613.0,6.0,16.0,201523.0
133009.58837890625,4614.0,7.0,19.0,201526.0
133028.27124023438,4615.0,8.0,22.0,201529.0
133046.9541015625,4616.0,9.0,25.0,201532.0
133065.63696289062,4617.0,11.0,26.0,201533.0
133084.31982421875,4618.0,12.0,29.0,201536.0
133103.00268554688,4619.0,14.0,32.0,201539.0
133121.685546875,4620.0,14.0,32.0,201539.0
133140.36840820312,4621.0,11.0,30.0,201537.0
133159.05126953125,4622.0,4.0,23.0,201530.0
133177.73388671875,4623.0,-5.0,12.0,201519.0
133196.41674804688,4624.0,-14.0,0.0,201507.0
133215.099609375,4625.0,-22.0,-11.0,201496.0
133233.78247070312,4626.0,-27.0,-17.0,201490.0
133252.46533203125,4627.0,-28.0,-17.0,201490.0
133271.14819335938,4628.0,-23.0,-14.0,201493.0
133289.8310546875,4629.0,-17.0,-9.0,201498.0
133308.51391601562,4630.0,-12.0,-3.0,201504.0
133327.19653320312,4631.0,-9.0,2.0,201509.0
133345.87939453125,4632.0,-9.0,6.0,201513.0
133364.56225585938,4633.0,-10.0,9.0,201516.0
133383.2451171875,4634.0,-13.0,11.0,201518.0
133401.92797851562,4635.0,-15.0,11.0,201518.0
133420.61083984375,4636.0,-16.0,11.0,201518.0
133439.29370117188,4637.0,-15.0,11.0,201518.0
133457.9765625,4638.0,-12.0,11.0,201518.0
133476.65942382812,4639.0,-7.0,13.0,201520.0
133495.34204101562,4640.0,-4.0,15.0,201522.0
133514.02490234375,4641.0,-2.0,16.0,201523.0
133532.70776367188,4642.0,-1.0,16.0,201523.0
133551.390625,4643.0,0.0,16.0,201523.0
133570.07348632812,4644.0,2.0,15.0,201522.0
133588.75634765625,4645.0,3.0,16.0,201523.0
133607.43920898438,4646.0,5.0,16.0,201523.0
133626.1220703125,4647.0,6.0,18.0,201525.0
133644.8046875,4648.0,6.0,20.0,201527.0
133663.48754882812,4649.0,7.0,22.0,201529.0
133682.17041015625,4650.0,7.0,24.0,201531.0
133700.85327148438,4651.0,9.0,27.0,201534.0
133719.5361328125,4652.0,11.0,30.0,201537.0
133738.21899414062,4653.0,11.0,32.0,201539.0
133756.90185546875,4654.0,11.0,35.0,201542.0
133775.58471679688,4655.0,9.0,35.0,201542.0
133794.26733398438,4656.0,4.0,29.0,201536.0
133812.9501953125,4657.0,-5.0,20.0,201527.0
133831.63305664062,4658.0,-15.0,9.0,201516.0
133850.31591796875,4659.0,-26.0,-4.0,201503.0
133868.99877929688,4660.0,-34.0,-13.0,201494.0
133887.681640625,4661.0,-38.0,-17.0,201490.0
133906.36450195312,4662.0,-38.0,-18.0,201489.0
133925.04736328125,4663.0,-34.0,-15.0,201492.0
133943.73022460938,4664.0,-29.0,-10.0,201497.0
133962.41284179688,4665.0,-23.0,-4.0,201503.0
133981.095703125,4666.0,-17.0,2.0,201509.0
133999.77856445312,4667.0,-12.0,8.0,201515.0
134018.46142578125,4668.0,-7.0,13.0,201520.0
134037.14428710938,4669.0,-3.0,17.0,201524.0
134055.8271484375,4670.0,1.0,21.0,201528.0
134074.51000976562,4671.0,5.0,24.0,201531.0
134093.19287109375,4672.0,7.0,26.0,201533.0
134111.87548828125,4673.0,10.0,27.0,201534.0
134130.55834960938,4674.0,13.0,28.0,201535.0
134149.2412109375,4675.0,14.0,26.0,201533.0
134167.92407226562,4676.0,13.0,23.0,201530.0
134186.60693359375,4677.0,10.0,21.0,201528.0
134205.28979492188,4678.0,7.0,20.0,201527.0
134223.97265625,4679.0,6.0,18.0,201525.0
134242.65551757812,4680.0,5.0,18.0,201525.0
134261.33837890625,4681.0,5.0,18.0,201525.0
134280.02099609375,4682.0,6.0,20.0,201527.0
134298.70385742188,4683.0,8.0,23.0,201530.0
134317.38671875,4684.0,10.0,25.0,201532.0
134336.06958007812,4685.0,12.0,28.0,201535.0
134354.75244140625,4686.0,14.0,32.0,201539.0
134373.43530273438,4687.0,16.0,35.0,201542.0
134392.1181640625,4688.0,19.0,38.0,201545.0
134410.80102539062,4689.0,23.0,40.0,201547.0
134429.48364257812,4690.0,25.0,41.0,201548.0
134448.16650390625,4691.0,26.0,42.0,201549.0
134466.84936523438,4692.0,24.0,40.0,201547.0
134485.5322265625,4693.0,19.0,35.0,201542.0
134504.21508789062,4694.0,10.0,23.0,201530.0
134522.89794921875,4695.0,-1.0,10.0,201517.0
134541.58081054688,4696.0,-13.0,-5.0,201502.0
134560.263671875,4697.0,-24.0,-16.0,201491.0
134578.94653320312,4698.0,-32.0,-24.0,201483.0
134597.62915039062,4699.0,-37.0,-27.0,201480.0
134616.31201171875,4700.0,-37.0,-26.0,201481.0
134634.99487304688,4701.0,-34.0,-22.0,201485.0
134653.677734375,4702.0,-29.0,-16.0,201491.0
134672.36059570312,4703.0,-25.0,-9.0,201498.0
134691.04345703125,4704.0,-22.0,-3.0,201504.0
134709.72631835938,4705.0,-18.0,1.0,201508.0
134728.4091796875,4706.0,-15.0,4.0,201511.0
134747.091796875,4707.0,-11.0,6.0,201513.0
134765.77465820312,4708.0,-8.0,7.0,201514.0
134784.45751953125,4709.0,-5.0,7.0,201514.0
134803.14038085938,4710.0,-1.0,9.0,201516.0
134821.8232421875,4711.0,5.0,13.0,201520.0
134840.50610351562,4712.0,11.0,16.0,201523.0
134859.18896484375,4713.0,14.0,16.0,201523.0
134877.87182617188,4714.0,14.0,15.0,201522.0
134896.55444335938,4715.0,14.0,13.0,201520.0
134915.2373046875,4716.0,14.0,11.0,201518.0
134933.92016601562,4717.0,13.0,11.0,201518.0
134952.60302734375,4718.0,11.0,11.0,201518.0
134971.28588867188,4719.0,11.0,12.0,201519.0
134989.96875,4720.0,13.0,14.0,201521.0
135008.65161132812,4721.0,15.0,17.0,201524.0
135027.33447265625,4722.0,17.0,20.0,201527.0
135046.01733398438,4723.0,19.0,22.0,201529.0
135064.69995117188,4724.0,20.0,23.0,201530.0
135083.3828125,4725.0,21.0,25.0,201532.0
135102.06567382812,4726.0,24.0,28.0,201535.0
135120.74853515625,4727.0,26.0,29.0,201536.0
135139.43139648438,4728.0,27.0,31.0,201538.0
135158.1142578125,4729.0,25.0,28.0,201535.0
135176.79711914062,4730.0,18.0,19.0,201526.0
135195.47998046875,4731.0,7.0,7.0,201514.0
135214.16259765625,4732.0,-5.0,-6.0,201501.0
135232.84545898438,4733.0,-18.0,-17.0,201490.0
135251.5283203125,4734.0,-26.0,-25.0,201482.0
135270.21118164062,4735.0,-31.0,-28.0,201479.0
135288.89404296875,4736.0,-30.0,-27.0,201480.0
135307.57690429688,4737.0,-23.0,-23.0,201484.0
135326.259765625,4738.0,-16.0,-16.0,201491.0
135344.94262695312,4739.0,-8.0,-7.0,201500.0
135363.62548828125,4740.0,-1.0,0.0,201507.0
135382.30810546875,4741.0,3.0,5.0,201512.0
135400.99096679688,4742.0,6.0,9.0,201516.0
135419.673828125,4743.0,8.0,11.0,201518.0
135438.35668945312,4744.0,8.0,11.0,201518.0
135457.03955078125,4745.0,7.0,13.0,201520.0
135475.72241210938,4746.0,7.0,15.0,201522.0
135494.4052734375,4747.0,9.0,18.0,201525.0
135513.08813476562,4748.0,10.0,19.0,201526.0
135531.77075195312,4749.0,10.0,19.0,201526.0
135550.45361328125,4750.0,10.0,15.0,201522.0
135569.13647460938,4751.0,9.0,12.0,201519.0
135587.8193359375,4752.0,7.0,11.0,201518.0
135606.50219726562,4753.0,7.0,11.0,201518.0
135625.18505859375,4754.0,9.0,12.0,201519.0
135643.86791992188,4755.0,12.0,15.0,201522.0
135662.55078125,4756.0,13.0,18.0,201525.0
135681.23364257812,4757.0,14.0,20.0,201527.0
135699.91625976562,4758.0,14.0,22.0,201529.0
135718.59912109375,4759.0,15.0,22.0,201529.0
135737.28198242188,4760.0,15.0,23.0,201530.0
135755.96484375,4761.0,19.0,22.0,201529.0
135774.64770507812,4762.0,23.0,22.0,201529.0
135793.33056640625,4763.0,22.0,17.0,201524.0
135812.01342773438,4764.0,14.0,9.0,201516.0
135830.6962890625,4765.0,2.0,-1.0,201506.0
135849.37890625,4766.0,-11.0,-11.0,201496.0
135868.06176757812,4767.0,-21.0,-19.0,201488.0
135886.74462890625,4768.0,-26.0,-23.0,201484.0
135905.42749023438,4769.0,-28.0,-24.0,201483.0
135924.1103515625,4770.0,-26.0,-21.0,201486.0
135942.79321289062,4771.0,-21.0,-14.0,201493.0
135961.47607421875,4772.0,-16.0,-7.0,201500.0
135980.15893554688,4773.0,-13.0,-1.0,201506.0
135998.84155273438,4774.0,-11.0,3.0,201510.0
136017.5244140625,4775.0,-9.0,6.0,201513.0
136036.20727539062,4776.0,-7.0,9.0,201516.0
136054.89013671875,4777.0,-6.0,11.0,201518.0
136073.57299804688,4778.0,-3.0,13.0,201520.0
136092.255859375,4779.0,0.0,15.0,201522.0
136110.93872070312,4780.0,2.0,16.0,201523.0
136129.62158203125,4781.0,4.0,16.0,201523.0
136148.30444335938,4782.0,5.0,15.0,201522.0
136166.98706054688,4783.0,3.0,13.0,201520.0
136185.669921875,4784.0,1.0,11.0,201518.0
136204.35278320312,4785.0,-2.0,10.0,201517.0
136223.03564453125,4786.0,-4.0,8.0,201515.0
136241.71850585938,4787.0,-6.0,8.0,201515.0
136260.4013671875,4788.0,-5.0,8.0,201515.0
136279.08422851562,4789.0,-4.0,10.0,201517.0
136297.76708984375,4790.0,-1.0,13.0,201520.0
136316.44970703125,4791.0,4.0,16.0,201523.0
136335.13256835938,4792.0,9.0,20.0,201527.0
136353.8154296875,4793.0,15.0,24.0,201531.0
136372.49829101562,4794.0,18.0,26.0,201533.0
136391.18115234375,4795.0,19.0,28.0,201535.0
136409.86401367188,4796.0,19.0,28.0,201535.0
136428.546875,4797.0,15.0,23.0,201530.0
136447.22973632812,4798.0,6.0,15.0,201522.0
136465.91259765625,4799.0,-7.0,4.0,201511.0
136484.59521484375,4800.0,-20.0,-8.0,201499.0
136503.27807617188,4801.0,-32.0,-20.0,201487.0
136521.9609375,4802.0,-39.0,-27.0,201480.0
136540.64379882812,4803.0,-42.0,-30.0,201477.0
136559.32666015625,4804.0,-42.0,-28.0,201479.0
136578.00952148438,4805.0,-37.0,-24.0,201483.0
136596.6923828125,4806.0,-30.0,-18.0,201489.0
136615.37524414062,4807.0,-22.0,-10.0,201497.0
136634.05786132812,4808.0,-15.0,-4.0,201503.0
136652.74072265625,4809.0,-9.0,0.0,201507.0
136671.42358398438,4810.0,-5.0,4.0,201511.0
136690.1064453125,4811.0,0.0,7.0,201514.0
136708.78930664062,4812.0,4.0,9.0,201516.0
136727.47216796875,4813.0,7.0,12.0,201519.0
136746.15502929688,4814.0,8.0,13.0,201520.0
136764.837890625,4815.0,7.0,13.0,201520.0
136783.52075195312,4816.0,6.0,12.0,201519.0
136802.20336914062,4817.0,5.0,10.0,201517.0
136820.88623046875,4818.0,4.0,9.0,201516.0
136839.56909179688,4819.0,4.0,8.0,201515.0
136858.251953125,4820.0,4.0,7.0,201514.0
136876.93481445312,4821.0,4.0,6.0,201513.0
136895.61767578125,4822.0,4.0,6.0,201513.0
136914.30053710938,4823.0,4.0,6.0,201513.0
136932.9833984375,4824.0,5.0,7.0,201514.0
136951.666015625,4825.0,4.0,7.0,201514.0
136970.34887695312,4826.0,4.0,8.0,201515.0
136989.03173828125,4827.0,5.0,10.0,201517.0
137007.71459960938,4828.0,5.0,12.0,201519.0
137026.3974609375,4829.0,7.0,15.0,201522.0
137045.08032226562,4830.0,9.0,18.0,201525.0
137063.76318359375,4831.0,9.0,19.0,201526.0
137082.44604492188,4832.0,7.0,18.0,201525.0
137101.12866210938,4833.0,2.0,12.0,201519.0
137119.8115234375,4834.0,-7.0,2.0,201509.0
137138.49438476562,4835.0,-18.0,-11.0,201496.0
137157.17724609375,4836.0,-28.0,-23.0,201484.0
137175.86010742188,4837.0,-35.0,-32.0,201475.0
137194.54296875,4838.0,-40.0,-36.0,201471.0
137213.22583007812,4839.0,-41.0,-38.0,201469.0
137231.90869140625,4840.0,-40.0,-35.0,201472.0
137250.59155273438,4841.0,-35.0,-30.0,201477.0
137269.27416992188,4842.0,-31.0,-23.0,201484.0
137287.95703125,4843.0,-26.0,-16.0,201491.0
137306.63989257812,4844.0,-20.0,-10.0,201497.0
137325.32275390625,4845.0,-15.0,-5.0,201502.0
137344.00561523438,4846.0,-11.0,0.0,201507.0
137362.6884765625,4847.0,-8.0,5.0,201512.0
137381.37133789062,4848.0,-5.0,9.0,201516.0
137400.05419921875,4849.0,-3.0,13.0,201520.0
137418.73681640625,4850.0,-1.0,16.0,201523.0
137437.41967773438,4851.0,0.0,18.0,201525.0
137456.1025390625,4852.0,-1.0,17.0,201524.0
137474.78540039062,4853.0,-4.0,15.0,201522.0
137493.46826171875,4854.0,-6.0,12.0,201519.0
137512.15112304688,4855.0,-6.0,9.0,201516.0
137530.833984375,4856.0,-7.0,7.0,201514.0
137549.51684570312,4857.0,-6.0,5.0,201512.0
137568.19970703125,4858.0,-5.0,5.0,201512.0
137586.88232421875,4859.0,-2.0,6.0,201513.0
137605.56518554688,4860.0,0.0,8.0,201515.0
137624.248046875,4861.0,2.0,10.0,201517.0
137642.93090820312,4862.0,5.0,12.0,201519.0
137661.61376953125,4863.0,9.0,16.0,201523.0
137680.29663085938,4864.0,14.0,20.0,201527.0
137698.9794921875,4865.0,18.0,25.0,201532.0
137717.66235351562,4866.0,19.0,30.0,201537.0
137736.34497070312,4867.0,18.0,30.0,201537.0
137755.02783203125,4868.0,13.0,26.0,201533.0
137773.71069335938,4869.0,4.0,16.0,201523.0
137792.3935546875,4870.0,-8.0,2.0,201509.0
137811.07641601562,4871.0,-18.0,-11.0,201496.0
137829.75927734375,4872.0,-26.0,-20.0,201487.0
137848.44213867188,4873.0,-28.0,-25.0,201482.0
137867.125,4874.0,-24.0,-25.0,201482.0
137885.80786132812,4875.0,-18.0,-22.0,201485.0
137904.49047851562,4876.0,-10.0,-14.0,201493.0
137923.17333984375,4877.0,-1.0,-7.0,201500.0
137941.85620117188,4878.0,7.0,1.0,201508.0
137960.5390625,4879.0,14.0,8.0,201515.0
137979.22192382812,4880.0,19.0,14.0,201521.0
137997.90478515625,4881.0,23.0,19.0,201526.0
138016.58764648438,4882.0,25.0,22.0,201529.0
138035.2705078125,4883.0,26.0,26.0,201533.0
138053.953125,4884.0,29.0,29.0,201536.0
138072.63598632812,4885.0,32.0,30.0,201537.0
138091.31884765625,4886.0,31.0,26.0,201533.0
138110.00170898438,4887.0,28.0,22.0,201529.0
138128.6845703125,4888.0,23.0,16.0,201523.0
138147.36743164062,4889.0,17.0,10.0,201517.0
138166.05029296875,4890.0,15.0,7.0,201514.0
138184.73315429688,4891.0,15.0,7.0,201514.0
138203.41577148438,4892.0,16.0,9.0,201516.0
138222.0986328125,4893.0,18.0,11.0,201518.0
138240.78149414062,4894.0,20.0,14.0,201521.0
138259.46435546875,4895.0,23.0,18.0,201525.0
138278.14721679688,4896.0,27.0,21.0,201528.0
138296.830078125,4897.0,31.0,24.0,201531.0
138315.51293945312,4898.0,34.0,28.0,201535.0
138334.19580078125,4899.0,36.0,31.0,201538.0
138352.87866210938,4900.0,35.0,32.0,201539.0
138371.56127929688,4901.0,35.0,35.0,201542.0
138390.244140625,4902.0,35.0,37.0,201544.0
138408.92700195312,4903.0,31.0,34.0,201541.0
138427.60986328125,4904.0,25.0,28.0,201535.0
138446.29272460938,4905.0,16.0,18.0,201525.0
138464.9755859375,4906.0,4.0,6.0,201513.0
138483.65844726562,4907.0,-5.0,-4.0,201503.0
138502.34130859375,4908.0,-10.0,-11.0,201496.0
138521.02392578125,4909.0,-11.0,-15.0,201492.0
138539.70678710938,4910.0,-10.0,-14.0,201493.0
138558.3896484375,4911.0,-6.0,-10.0,201497.0
138577.07250976562,4912.0,-1.0,-4.0,201503.0
138595.75537109375,4913.0,5.0,2.0,201509.0
138614.43823242188,4914.0,12.0,9.0,201516.0
138633.12109375,4915.0,18.0,15.0,201522.0
138651.80395507812,4916.0,24.0,21.0,201528.0
138670.48681640625,4917.0,29.0,26.0,201533.0
138689.16943359375,4918.0,34.0,30.0,201537.0
138707.85229492188,4919.0,38.0,33.0,201540.0
138726.53515625,4920.0,39.0,32.0,201539.0
138745.21801757812,4921.0,38.0,29.0,201536.0
138763.90087890625,4922.0,34.0,25.0,201532.0
138782.58374023438,4923.0,29.0,18.0,201525.0
138801.2666015625,4924.0,21.0,13.0,201520.0
138819.94946289062,4925.0,12.0,7.0,201514.0
138838.63208007812,4926.0,4.0,3.0,201510.0
138857.31494140625,4927.0,-2.0,-1.0,201506.0
138875.99780273438,4928.0,-4.0,-3.0,201504.0
138894.6806640625,4929.0,-5.0,-3.0,201504.0
138913.36352539062,4930.0,-3.0,0.0,201507.0
138932.04638671875,4931.0,0.0,4.0,201511.0
138950.72924804688,4932.0,4.0,9.0,201516.0
138969.412109375,4933.0,9.0,13.0,201520.0
138988.09497070312,4934.0,12.0,17.0,201524.0
139006.77758789062,4935.0,16.0,19.0,201526.0
139025.46044921875,4936.0,19.0,20.0,201527.0
139044.14331054688,4937.0,20.0,22.0,201529.0
139062.826171875,4938.0,19.0,24.0,201531.0
139081.50903320312,4939.0,20.0,27.0,201534.0
139100.19189453125,4940.0,20.0,27.0,201534.0
139118.87475585938,4941.0,17.0,24.0,201531.0
139137.5576171875,4942.0,10.0,16.0,201523.0
139156.240234375,4943.0,-1.0,5.0,201512.0
139174.92309570312,4944.0,-12.0,-10.0,201497.0
139193.60595703125,4945.0,-21.0,-20.0,201487.0
139212.28881835938,4946.0,-27.0,-26.0,201481.0
139230.9716796875,4947.0,-28.0,-28.0,201479.0
139249.65454101562,4948.0,-27.0,-26.0,201481.0
139268.33740234375,4949.0,-23.0,-20.0,201487.0
139287.02026367188,4950.0,-19.0,-15.0,201492.0
139305.70288085938,4951.0,-14.0,-10.0,201497.0
139324.3857421875,4952.0,-9.0,-6.0,201501.0
139343.06860351562,4953.0,-3.0,-3.0,201504.0
139361.75146484375,4954.0,0.0,0.0,201507.0
139380.43432617188,4955.0,2.0,3.0,201510.0
139399.1171875,4956.0,1.0,5.0,201512.0
139417.80004882812,4957.0,0.0,6.0,201513.0
139436.48291015625,4958.0,-1.0,7.0,201514.0
139455.16577148438,4959.0,-1.0,7.0,201514.0
139473.84838867188,4960.0,0.0,6.0,201513.0
139492.53125,4961.0,1.0,5.0,201512.0
139511.21411132812,4962.0,2.0,3.0,201510.0
139529.89697265625,4963.0,2.0,1.0,201508.0
139548.57983398438,4964.0,3.0,1.0,201508.0
139567.2626953125,4965.0,3.0,1.0,201508.0
139585.94555664062,4966.0,2.0,1.0,201508.0
139604.62841796875,4967.0,0.0,2.0,201509.0
139623.31103515625,4968.0,-2.0,3.0,201510.0
139641.99389648438,4969.0,-4.0,5.0,201512.0
139660.6767578125,4970.0,-4.0,8.0,201515.0
139679.35961914062,4971.0,-2.0,10.0,201517.0
139698.04248046875,4972.0,0.0,12.0,201519.0
139716.72534179688,4973.0,3.0,13.0,201520.0
139735.408203125,4974.0,6.0,14.0,201521.0
139754.09106445312,4975.0,7.0,16.0,201523.0
139772.77392578125,4976.0,8.0,16.0,201523.0
139791.45654296875,4977.0,3.0,13.0,201520.0
139810.13940429688,4978.0,-4.0,6.0,201513.0
139828.822265625,4979.0,-14.0,-5.0,201502.0
139847.50512695312,4980.0,-25.0,-16.0,201491.0
139866.18798828125,4981.0,-36.0,-25.0,201482.0
139884.87084960938,4982.0,-43.0,-31.0,201476.0
139903.5537109375,4983.0,-45.0,-31.0,201476.0
139922.23657226562,4984.0,-45.0,-28.0,201479.0
139940.91918945312,4985.0,-40.0,-24.0,201483.0
139959.60205078125,4986.0,-33.0,-17.0,201490.0
139978.28491210938,4987.0,-23.0,-11.0,201496.0
139996.9677734375,4988.0,-16.0,-5.0,201502.0
140015.65063476562,4989.0,-9.0,0.0,201507.0
140034.33349609375,4990.0,-4.0,3.0,201510.0
140053.01635742188,4991.0,1.0,6.0,201513.0
140071.69921875,4992.0,5.0,8.0,201515.0
140090.38208007812,4993.0,7.0,10.0,201517.0
140109.06469726562,4994.0,8.0,12.0,201519.0
140127.74755859375,4995.0,7.0,13.0,201520.0
140146.43041992188,4996.0,4.0,12.0,201519.0
140165.11328125,4997.0,-1.0,10.0,201517.0
140183.79614257812,4998.0,-8.0,7.0,201514.0
140202.47900390625,4999.0,-14.0,3.0,201510.0
140221.16186523438,5000.0,-19.0,0.0,201507.0
140239.8447265625,5001.0,-18.0,-1.0,201506.0
140258.52734375,5002.0,-15.0,0.0,201507.0
140277.21020507812,5003.0,-10.0,2.0,201509.0
140295.89306640625,5004.0,-5.0,5.0,201512.0
140314.57592773438,5005.0,-3.0,9.0,201516.0
140333.2587890625,5006.0,-1.0,14.0,201521.0
140351.94165039062,5007.0,2.0,18.0,201525.0
140370.62451171875,5008.0,7.0,22.0,201529.0
140389.30737304688,5009.0,11.0,24.0,201531.0
140407.98999023438,5010.0,13.0,26.0,201533.0
140426.6728515625,5011.0,12.0,26.0,201533.0
140445.35571289062,5012.0,8.0,22.0,201529.0
140464.03857421875,5013.0,0.0,15.0,201522.0
140482.72143554688,5014.0,-11.0,5.0,201512.0
140501.404296875,5015.0,-22.0,-7.0,201500.0
140520.08715820312,5016.0,-30.0,-17.0,201490.0
140538.77001953125,5017.0,-35.0,-24.0,201483.0
140557.45288085938,5018.0,-36.0,-26.0,201481.0
140576.13549804688,5019.0,-34.0,-26.0,201481.0
140594.818359375,5020.0,-29.0,-24.0,201483.0
140613.50122070312,5021.0,-22.0,-18.0,201489.0
140632.18408203125,5022.0,-14.0,-11.0,201496.0
140650.86694335938,5023.0,-7.0,-4.0,201503.0
140669.5498046875,5024.0,-1.0,3.0,201510.0
140688.23266601562,5025.0,2.0,9.0,201516.0
140706.91552734375,5026.0,6.0,13.0,201520.0
140725.59814453125,5027.0,9.0,16.0,201523.0
140744.28100585938,5028.0,14.0,17.0,201524.0
140762.9638671875,5029.0,19.0,19.0,201526.0
140781.64672851562,5030.0,23.0,20.0,201527.0
140800.32958984375,5031.0,23.0,19.0,201526.0
140819.01245117188,5032.0,17.0,17.0,201524.0
140837.6953125,5033.0,11.0,13.0,201520.0
140856.37817382812,5034.0,7.0,11.0,201518.0
140875.06103515625,5035.0,4.0,9.0,201516.0
140893.74365234375,5036.0,4.0,9.0,201516.0
140912.42651367188,5037.0,5.0,8.0,201515.0
140931.109375,5038.0,5.0,9.0,201516.0
140949.79223632812,5039.0,5.0,11.0,201518.0
140968.47509765625,5040.0,5.0,13.0,201520.0
140987.15795898438,5041.0,6.0,15.0,201522.0
141005.8408203125,5042.0,7.0,17.0,201524.0
141024.52368164062,5043.0,10.0,19.0,201526.0
141043.20629882812,5044.0,16.0,22.0,201529.0
141061.88916015625,5045.0,20.0,25.0,201532.0
141080.57202148438,5046.0,25.0,27.0,201534.0
141099.2548828125,5047.0,27.0,27.0,201534.0
141117.93774414062,5048.0,22.0,22.0,201529.0
141136.62060546875,5049.0,12.0,12.0,201519.0
141155.30346679688,5050.0,0.0,1.0,201508.0
141173.986328125,5051.0,-11.0,-11.0,201496.0
141192.66918945312,5052.0,-19.0,-19.0,201488.0
141211.35180664062,5053.0,-25.0,-23.0,201484.0
141230.03466796875,5054.0,-26.0,-24.0,201483.0
141248.71752929688,5055.0,-24.0,-21.0,201486.0
141267.400390625,5056.0,-18.0,-16.0,201491.0
141286.08325195312,5057.0,-10.0,-9.0,201498.0
141304.76611328125,5058.0,-5.0,-2.0,201505.0
141323.44897460938,5059.0,-1.0,3.0,201510.0
141342.1318359375,5060.0,3.0,8.0,201515.0
141360.814453125,5061.0,5.0,12.0,201519.0
141379.49731445312,5062.0,7.0,14.0,201521.0
141398.18017578125,5063.0,8.0,15.0,201522.0
141416.86303710938,5064.0,11.0,16.0,201523.0
141435.5458984375,5065.0,14.0,18.0,201525.0
141454.22875976562,5066.0,16.0,19.0,201526.0
141472.91162109375,5067.0,16.0,19.0,201526.0
141491.59448242188,5068.0,15.0,16.0,201523.0
141510.27709960938,5069.0,14.0,13.0,201520.0
141528.9599609375,5070.0,13.0,12.0,201519.0
141547.64282226562,5071.0,9.0,11.0,201518.0
141566.32568359375,5072.0,6.0,10.0,201517.0
141585.00854492188,5073.0,5.0,10.0,201517.0
141603.69140625,5074.0,7.0,12.0,201519.0
141622.37426757812,5075.0,11.0,13.0,201520.0
141641.05712890625,5076.0,16.0,16.0,201523.0
141659.73999023438,5077.0,21.0,18.0,201525.0
141678.42260742188,5078.0,25.0,20.0,201527.0
141697.10546875,5079.0,26.0,22.0,201529.0
141715.78833007812,5080.0,26.0,22.0,201529.0
141734.47119140625,5081.0,26.0,24.0,201531.0
141753.15405273438,5082.0,25.0,26.0,201533.0
141771.8369140625,5083.0,24.0,28.0,201535.0
141790.51977539062,5084.0,21.0,28.0,201535.0
141809.20263671875,5085.0,18.0,30.0,201537.0
141827.88525390625,5086.0,12.0,29.0,201536.0
141846.56811523438,5087.0,3.0,22.0,201529.0
141865.2509765625,5088.0,-9.0,11.0,201518.0
141883.93383789062,5089.0,-21.0,-2.0,201505.0
141902.61669921875,5090.0,-32.0,-15.0,201492.0
141921.29956054688,5091.0,-40.0,-24.0,201483.0
141939.982421875,5092.0,-44.0,-29.0,201478.0
141958.66528320312,5093.0,-42.0,-28.0,201479.0
141977.34814453125,5094.0,-39.0,-26.0,201481.0
141996.03076171875,5095.0,-32.0,-22.0,201485.0
142014.71362304688,5096.0,-25.0,-16.0,201491.0
142033.396484375,5097.0,-14.0,-10.0,201497.0
142052.07934570312,5098.0,-2.0,-2.0,201505.0
142070.76220703125,5099.0,11.0,5.0,201512.0
142089.44506835938,5100.0,22.0,12.0,201519.0
142108.1279296875,5101.0,28.0,18.0,201525.0
142126.81079101562,5102.0,31.0,21.0,201528.0
142145.49340820312,5103.0,32.0,22.0,201529.0
142164.17626953125,5104.0,31.0,24.0,201531.0
142182.85913085938,5105.0,28.0,23.0,201530.0
142201.5419921875,5106.0,25.0,19.0,201526.0
142220.22485351562,5107.0,21.0,14.0,201521.0
142238.90771484375,5108.0,19.0,10.0,201517.0
142257.59057617188,5109.0,19.0,7.0,201514.0
142276.2734375,5110.0,18.0,6.0,201513.0
142294.95629882812,5111.0,16.0,4.0,201511.0
142313.63891601562,5112.0,14.0,3.0,201510.0
142332.32177734375,5113.0,13.0,3.0,201510.0
142351.00463867188,5114.0,14.0,5.0,201512.0
142369.6875,5115.0,18.0,8.0,201515.0
142388.37036132812,5116.0,23.0,13.0,201520.0
142407.05322265625,5117.0,27.0,17.0,201524.0
142425.73608398438,5118.0,30.0,19.0,201526.0
142444.4189453125,5119.0,32.0,21.0,201528.0
142463.1015625,5120.0,32.0,22.0,201529.0
142481.78442382812,5121.0,33.0,22.0,201529.0
142500.46728515625,5122.0,32.0,21.0,201528.0
142519.15014648438,5123.0,30.0,22.0,201529.0
142537.8330078125,5124.0,28.0,21.0,201528.0
142556.51586914062,5125.0,25.0,18.0,201525.0
142575.19873046875,5126.0,18.0,10.0,201517.0
142593.88159179688,5127.0,11.0,-1.0,201506.0
142612.56420898438,5128.0,3.0,-13.0,201494.0
142631.2470703125,5129.0,-4.0,-22.0,201485.0
142649.92993164062,5130.0,-10.0,-29.0,201478.0
142668.61279296875,5131.0,-15.0,-31.0,201476.0
142687.29565429688,5132.0,-18.0,-30.0,201477.0
142705.978515625,5133.0,-16.0,-24.0,201483.0
142724.66137695312,5134.0,-12.0,-18.0,201489.0
142743.34423828125,5135.0,-8.0,-12.0,201495.0
142762.02709960938,5136.0,-3.0,-6.0,201501.0
142780.70971679688,5137.0,3.0,0.0,201507.0
142799.392578125,5138.0,7.0,4.0,201511.0
142818.07543945312,5139.0,10.0,8.0,201515.0
142836.75830078125,5140.0,12.0,12.0,201519.0
142855.44116210938,5141.0,13.0,16.0,201523.0
142874.1240234375,5142.0,15.0,19.0,201526.0
142892.80688476562,5143.0,16.0,20.0,201527.0
142911.48974609375,5144.0,16.0,17.0,201524.0
142930.17236328125,5145.0,14.0,12.0,201519.0
142948.85522460938,5146.0,12.0,8.0,201515.0
142967.5380859375,5147.0,9.0,4.0,201511.0
142986.22094726562,5148.0,7.0,3.0,201510.0
143004.90380859375,5149.0,6.0,2.0,201509.0
143023.58666992188,5150.0,5.0,4.0,201511.0
143042.26953125,5151.0,5.0,6.0,201513.0
143060.95239257812,5152.0,6.0,9.0,201516.0
143079.63525390625,5153.0,6.0,11.0,201518.0
143098.31787109375,5154.0,4.0,14.0,201521.0
143117.00073242188,5155.0,2.0,17.0,201524.0
143135.68359375,5156.0,2.0,19.0,201526.0
143154.36645507812,5157.0,2.0,22.0,201529.0
143173.04931640625,5158.0,2.0,24.0,201531.0
143191.73217773438,5159.0,3.0,24.0,201531.0
143210.4150390625,5160.0,1.0,21.0,201528.0
143229.09790039062,5161.0,-4.0,13.0,201520.0
143247.78051757812,5162.0,-15.0,2.0,201509.0
143266.46337890625,5163.0,-28.0,-11.0,201496.0
143285.14624023438,5164.0,-39.0,-23.0,201484.0
143303.8291015625,5165.0,-48.0,-33.0,201474.0
143322.51196289062,5166.0,-52.0,-37.0,201470.0
143341.19482421875,5167.0,-53.0,-38.0,201469.0
143359.87768554688,5168.0,-49.0,-34.0,201473.0
143378.560546875,5169.0,-43.0,-29.0,201478.0
143397.24340820312,5170.0,-34.0,-22.0,201485.0
143415.92602539062,5171.0,-26.0,-14.0,201493.0
143434.60888671875,5172.0,-19.0,-7.0,201500.0
143453.29174804688,5173.0,-13.0,-2.0,201505.0
143471.974609375,5174.0,-9.0,1.0,201508.0
143490.65747070312,5175.0,-7.0,3.0,201510.0
143509.34033203125,5176.0,-6.0,5.0,201512.0
143528.02319335938,5177.0,-6.0,7.0,201514.0
143546.7060546875,5178.0,-6.0,9.0,201516.0
143565.388671875,5179.0,-7.0,9.0,201516.0
143584.07153320312,5180.0,-8.0,8.0,201515.0
143602.75439453125,5181.0,-12.0,5.0,201512.0
143621.43725585938,5182.0,-15.0,2.0,201509.0
143640.1201171875,5183.0,-19.0,0.0,201507.0
143658.80297851562,5184.0,-21.0,-1.0,201506.0
143677.48583984375,5185.0,-21.0,0.0,201507.0
143696.16870117188,5186.0,-16.0,3.0,201510.0
143714.85131835938,5187.0,-10.0,8.0,201515.0
143733.5341796875,5188.0,-1.0,13.0,201520.0
143752.21704101562,5189.0,9.0,19.0,201526.0
143770.89990234375,5190.0,18.0,24.0,201531.0
143789.58276367188,5191.0,26.0,28.0,201535.0
143808.265625,5192.0,32.0,31.0,201538.0
143826.94848632812,5193.0,36.0,35.0,201542.0
143845.63134765625,5194.0,39.0,38.0,201545.0
143864.31420898438,5195.0,39.0,40.0,201547.0
143882.99682617188,5196.0,39.0,42.0,201549.0
143901.6796875,5197.0,36.0,39.0,201546.0
143920.36254882812,5198.0,30.0,33.0,201540.0
143939.04541015625,5199.0,22.0,21.0,201528.0
143957.72827148438,5200.0,11.0,9.0,201516.0
143976.4111328125,5201.0,3.0,-2.0,201505.0
143995.09399414062,5202.0,-3.0,-10.0,201497.0
144013.77685546875,5203.0,-5.0,-15.0,201492.0
144032.45947265625,5204.0,-6.0,-17.0,201490.0
144051.14233398438,5205.0,-6.0,-15.0,201492.0
144069.8251953125,5206.0,-4.0,-11.0,201496.0
144088.50805664062,5207.0,-2.0,-7.0,201500.0
144107.19091796875,5208.0,1.0,-2.0,201505.0
144125.87377929688,5209.0,5.0,2.0,201509.0
144144.556640625,5210.0,8.0,6.0,201513.0
144163.23950195312,5211.0,12.0,9.0,201516.0
144181.92236328125,5212.0,14.0,11.0,201518.0
144200.60498046875,5213.0,14.0,13.0,201520.0
144219.28784179688,5214.0,13.0,14.0,201521.0
144237.970703125,5215.0,13.0,14.0,201521.0
144256.65356445312,5216.0,12.0,13.0,201520.0
144275.33642578125,5217.0,11.0,10.0,201517.0
144294.01928710938,5218.0,8.0,7.0,201514.0
144312.7021484375,5219.0,5.0,2.0,201509.0
144331.38500976562,5220.0,1.0,-2.0,201505.0
144350.06762695312,5221.0,0.0,-5.0,201502.0
144368.75048828125,5222.0,-1.0,-7.0,201500.0
144387.43334960938,5223.0,0.0,-6.0,201501.0
144406.1162109375,5224.0,2.0,-4.0,201503.0
144424.79907226562,5225.0,5.0,-2.0,201505.0
144443.48193359375,5226.0,8.0,1.0,201508.0
144462.16479492188,5227.0,10.0,3.0,201510.0
144480.84765625,5228.0,13.0,5.0,201512.0
144499.53051757812,5229.0,16.0,6.0,201513.0
144518.21313476562,5230.0,18.0,8.0,201515.0
144536.89599609375,5231.0,18.0,9.0,201516.0
144555.57885742188,5232.0,18.0,10.0,201517.0
144574.26171875,5233.0,16.0,11.0,201518.0
144592.94458007812,5234.0,10.0,9.0,201516.0
144611.62744140625,5235.0,0.0,4.0,201511.0
144630.31030273438,5236.0,-13.0,-4.0,201503.0
144648.9931640625,5237.0,-26.0,-15.0,201492.0
144667.67578125,5238.0,-35.0,-26.0,201481.0
144686.35864257812,5239.0,-41.0,-34.0,201473.0
144705.04150390625,5240.0,-44.0,-39.0,201468.0
144723.72436523438,5241.0,-42.0,-41.0,201466.0
144742.4072265625,5242.0,-40.0,-39.0,201468.0
144761.09008789062,5243.0,-34.0,-33.0,201474.0
144779.77294921875,5244.0,-28.0,-27.0,201480.0
144798.45581054688,5245.0,-23.0,-20.0,201487.0
144817.13842773438,5246.0,-17.0,-14.0,201493.0
144835.8212890625,5247.0,-14.0,-11.0,201496.0
144854.50415039062,5248.0,-10.0,-8.0,201499.0
144873.18701171875,5249.0,-7.0,-7.0,201500.0
144891.86987304688,5250.0,-6.0,-6.0,201501.0
144910.552734375,5251.0,-5.0,-4.0,201503.0
144929.23559570312,5252.0,-5.0,-3.0,201504.0
144947.91845703125,5253.0,-4.0,-1.0,201506.0
144966.60131835938,5254.0,-4.0,-1.0,201506.0
144985.28393554688,5255.0,-4.0,-2.0,201505.0
145003.966796875,5256.0,-5.0,-4.0,201503.0
145022.64965820312,5257.0,-5.0,-7.0,201500.0
145041.33251953125,5258.0,-6.0,-7.0,201500.0
145060.01538085938,5259.0,-6.0,-6.0,201501.0
145078.6982421875,5260.0,-6.0,-3.0,201504.0
145097.38110351562,5261.0,-5.0,1.0,201508.0
145116.06396484375,5262.0,-1.0,7.0,201514.0
145134.74658203125,5263.0,4.0,12.0,201519.0
145153.42944335938,5264.0,9.0,16.0,201523.0
145172.1123046875,5265.0,14.0,20.0,201527.0
145190.79516601562,5266.0,17.0,22.0,201529.0
145209.47802734375,5267.0,18.0,24.0,201531.0
145228.16088867188,5268.0,20.0,27.0,201534.0
145246.84375,5269.0,24.0,29.0,201536.0
145265.52661132812,5270.0,27.0,30.0,201537.0
145284.20947265625,5271.0,28.0,28.0,201535.0
145302.89208984375,5272.0,24.0,20.0,201527.0
145321.57495117188,5273.0,15.0,8.0,201515.0
145340.2578125,5274.0,2.0,-6.0,201501.0
145358.94067382812,5275.0,-11.0,-18.0,201489.0
145377.62353515625,5276.0,-22.0,-27.0,201480.0
145396.30639648438,5277.0,-30.0,-32.0,201475.0
145414.9892578125,5278.0,-32.0,-33.0,201474.0
145433.67211914062,5279.0,-30.0,-30.0,201477.0
145452.35473632812,5280.0,-25.0,-24.0,201483.0
145471.03759765625,5281.0,-19.0,-18.0,201489.0
145489.72045898438,5282.0,-12.0,-11.0,201496.0
145508.4033203125,5283.0,-7.0,-4.0,201503.0
145527.08618164062,5284.0,-1.0,1.0,201508.0
145545.76904296875,5285.0,3.0,6.0,201513.0
145564.45190429688,5286.0,7.0,10.0,201517.0
145583.134765625,5287.0,11.0,11.0,201518.0
145601.81762695312,5288.0,14.0,13.0,201520.0
145620.50024414062,5289.0,15.0,14.0,201521.0
145639.18310546875,5290.0,13.0,14.0,201521.0
145657.86596679688,5291.0,9.0,12.0,201519.0
145676.548828125,5292.0,6.0,9.0,201516.0
145695.23168945312,5293.0,3.0,7.0,201514.0
145713.91455078125,5294.0,2.0,5.0,201512.0
145732.59741210938,5295.0,5.0,5.0,201512.0
145751.2802734375,5296.0,9.0,7.0,201514.0
145769.962890625,5297.0,14.0,9.0,201516.0
145788.64575195312,5298.0,18.0,10.0,201517.0
145807.32861328125,5299.0,19.0,11.0,201518.0
145826.01147460938,5300.0,20.0,13.0,201520.0
145844.6943359375,5301.0,20.0,15.0,201522.0
145863.37719726562,5302.0,19.0,17.0,201524.0
145882.06005859375,5303.0,20.0,20.0,201527.0
145900.74291992188,5304.0,21.0,22.0,201529.0
145919.42553710938,5305.0,24.0,24.0,201531.0
145938.1083984375,5306.0,26.0,25.0,201532.0
145956.79125976562,5307.0,25.0,22.0,201529.0
145975.47412109375,5308.0,18.0,16.0,201523.0
145994.15698242188,5309.0,8.0,6.0,201513.0
146012.83984375,5310.0,-3.0,-6.0,201501.0
146031.52270507812,5311.0,-14.0,-17.0,201490.0
146050.20556640625,5312.0,-22.0,-25.0,201482.0
146068.88842773438,5313.0,-27.0,-28.0,201479.0
146087.57104492188,5314.0,-26.0,-28.0,201479.0
146106.25390625,5315.0,-23.0,-25.0,201482.0
146124.93676757812,5316.0,-16.0,-17.0,201490.0
146143.61962890625,5317.0,-7.0,-9.0,201498.0
146162.30249023438,5318.0,2.0,-1.0,201506.0
146180.9853515625,5319.0,10.0,6.0,201513.0
146199.66821289062,5320.0,16.0,12.0,201519.0
146218.35107421875,5321.0,22.0,16.0,201523.0
146237.03369140625,5322.0,26.0,17.0,201524.0
146255.71655273438,5323.0,28.0,19.0,201526.0
146274.3994140625,5324.0,30.0,21.0,201528.0
146293.08227539062,5325.0,33.0,21.0,201528.0
146311.76513671875,5326.0,32.0,19.0,201526.0
146330.44799804688,5327.0,29.0,14.0,201521.0
146349.130859375,5328.0,25.0,9.0,201516.0
146367.81372070312,5329.0,21.0,4.0,201511.0
146386.49658203125,5330.0,17.0,1.0,201508.0
146405.17919921875,5331.0,14.0,1.0,201508.0
146423.86206054688,5332.0,13.0,2.0,201509.0
146442.544921875,5333.0,13.0,5.0,201512.0
146461.22778320312,5334.0,15.0,7.0,201514.0
146479.91064453125,5335.0,17.0,10.0,201517.0
146498.59350585938,5336.0,19.0,15.0,201522.0
146517.2763671875,5337.0,23.0,21.0,201528.0
146535.95922851562,5338.0,28.0,26.0,201533.0
146554.64184570312,5339.0,31.0,31.0,201538.0
146573.32470703125,5340.0,33.0,34.0,201541.0
146592.00756835938,5341.0,37.0,36.0,201543.0
146610.6904296875,5342.0,39.0,38.0,201545.0
146629.37329101562,5343.0,42.0,37.0,201544.0
146648.05615234375,5344.0,43.0,36.0,201543.0
146666.73901367188,5345.0,37.0,30.0,201537.0
146685.421875,5346.0,26.0,18.0,201525.0
146704.1044921875,5347.0,11.0,4.0,201511.0
146722.78735351562,5348.0,-3.0,-9.0,201498.0
146741.47021484375,5349.0,-13.0,-20.0,201487.0
146760.15307617188,5350.0,-19.0,-26.0,201481.0
146778.8359375,5351.0,-17.0,-27.0,201480.0
146797.51879882812,5352.0,-12.0,-25.0,201482.0
146816.20166015625,5353.0,-5.0,-19.0,201488.0
146834.88452148438,5354.0,3.0,-11.0,201496.0
146853.5673828125,5355.0,10.0,-4.0,201503.0
146872.25,5356.0,16.0,2.0,201509.0
146890.93286132812,5357.0,20.0,7.0,201514.0
146909.61572265625,5358.0,22.0,11.0,201518.0
146928.29858398438,5359.0,25.0,14.0,201521.0
146946.9814453125,5360.0,26.0,15.0,201522.0
146965.66430664062,5361.0,26.0,17.0,201524.0
146984.34716796875,5362.0,23.0,19.0,201526.0
147003.03002929688,5363.0,20.0,18.0,201525.0
147021.71264648438,5364.0,15.0,15.0,201522.0
147040.3955078125,5365.0,10.0,8.0,201515.0
147059.07836914062,5366.0,5.0,3.0,201510.0
147077.76123046875,5367.0,2.0,0.0,201507.0
147096.44409179688,5368.0,1.0,-1.0,201506.0
147115.126953125,5369.0,1.0,0.0,201507.0
147133.80981445312,5370.0,2.0,1.0,201508.0
147152.49267578125,5371.0,2.0,2.0,201509.0
147171.17553710938,5372.0,2.0,3.0,201510.0
147189.85815429688,5373.0,1.0,5.0,201512.0
147208.541015625,5374.0,0.0,6.0,201513.0
147227.22387695312,5375.0,-1.0,8.0,201515.0
147245.90673828125,5376.0,-1.0,9.0,201516.0
147264.58959960938,5377.0,0.0,11.0,201518.0
147283.2724609375,5378.0,1.0,15.0,201522.0
147301.95532226562,5379.0,2.0,18.0,201525.0
147320.63818359375,5380.0,2.0,20.0,201527.0
147339.32080078125,5381.0,2.0,22.0,201529.0
147358.00366210938,5382.0,0.0,21.0,201528.0
147376.6865234375,5383.0,-4.0,16.0,201523.0
147395.36938476562,5384.0,-13.0,6.0,201513.0
147414.05224609375,5385.0,-24.0,-7.0,201500.0
147432.73510742188,5386.0,-36.0,-18.0,201489.0
147451.41796875,5387.0,-43.0,-28.0,201479.0
147470.10083007812,5388.0,-46.0,-33.0,201474.0
147488.78369140625,5389.0,-46.0,-35.0,201472.0
147507.46630859375,5390.0,-43.0,-33.0,201474.0
147526.14916992188,5391.0,-38.0,-30.0,201477.0
147544.83203125,5392.0,-30.0,-23.0,201484.0
147563.51489257812,5393.0,-23.0,-18.0,201489.0
147582.19775390625,5394.0,-17.0,-13.0,201494.0
147600.88061523438,5395.0,-11.0,-8.0,201499.0
147619.5634765625,5396.0,-8.0,-3.0,201504.0
147638.24633789062,5397.0,-6.0,1.0,201508.0
147656.92895507812,5398.0,-4.0,5.0,201512.0
147675.61181640625,5399.0,-2.0,7.0,201514.0
147694.29467773438,5400.0,0.0,6.0,201513.0
147712.9775390625,5401.0,1.0,3.0,201510.0
147731.66040039062,5402.0,2.0,-1.0,201506.0
147750.34326171875,5403.0,3.0,-4.0,201503.0
147769.02612304688,5404.0,4.0,-7.0,201500.0
147787.708984375,5405.0,7.0,-9.0,201498.0
147806.3916015625,5406.0,10.0,-10.0,201497.0
147825.07446289062,5407.0,13.0,-8.0,201499.0
147843.75732421875,5408.0,14.0,-7.0,201500.0
147862.44018554688,5409.0,12.0,-6.0,201501.0
147881.123046875,5410.0,11.0,-4.0,201503.0
147899.80590820312,5411.0,11.0,-2.0,201505.0
147918.48876953125,5412.0,13.0,1.0,201508.0
147937.17163085938,5413.0,14.0,4.0,201511.0
147955.8544921875,5414.0,16.0,7.0,201514.0
147974.537109375,5415.0,18.0,10.0,201517.0
147993.21997070312,5416.0,18.0,12.0,201519.0
148011.90283203125,5417.0,20.0,15.0,201522.0
148030.58569335938,5418.0,22.0,16.0,201523.0
148049.2685546875,5419.0,25.0,18.0,201525.0
148067.95141601562,5420.0,26.0,17.0,201524.0
148086.63427734375,5421.0,25.0,13.0,201520.0
148105.31713867188,5422.0,19.0,3.0,201510.0
148123.99975585938,5423.0,10.0,-10.0,201497.0
148142.6826171875,5424.0,0.0,-23.0,201484.0
148161.36547851562,5425.0,-8.0,-34.0,201473.0
148180.04833984375,5426.0,-13.0,-40.0,201467.0
148198.73120117188,5427.0,-14.0,-40.0,201467.0
148217.4140625,5428.0,-11.0,-37.0,201470.0
148236.09692382812,5429.0,-6.0,-31.0,201476.0
148254.77978515625,5430.0,-1.0,-24.0,201483.0
148273.46264648438,5431.0,3.0,-17.0,201490.0
148292.14526367188,5432.0,6.0,-10.0,201497.0
148310.828125,5433.0,9.0,-6.0,201501.0
148329.51098632812,5434.0,13.0,-4.0,201503.0
148348.19384765625,5435.0,15.0,-2.0,201505.0
148366.87670898438,5436.0,18.0,-1.0,201506.0
148385.5595703125,5437.0,18.0,0.0,201507.0
148404.24243164062,5438.0,19.0,0.0,201507.0
148422.92529296875,5439.0,18.0,-1.0,201506.0
148441.60791015625,5440.0,15.0,-3.0,201504.0
148460.29077148438,5441.0,11.0,-6.0,201501.0
148478.9736328125,5442.0,7.0,-10.0,201497.0
148497.65649414062,5443.0,2.0,-12.0,201495.0
148516.33935546875,5444.0,0.0,-12.0,201495.0
148535.02221679688,5445.0,1.0,-9.0,201498.0
148553.705078125,5446.0,4.0,-7.0,201500.0
148572.38793945312,5447.0,9.0,-4.0,201503.0
148591.07080078125,5448.0,15.0,-1.0,201506.0
148609.75341796875,5449.0,20.0,2.0,201509.0
148628.43627929688,5450.0,22.0,6.0,201513.0
148647.119140625,5451.0,24.0,10.0,201517.0
148665.80200195312,5452.0,25.0,13.0,201520.0
148684.48486328125,5453.0,28.0,15.0,201522.0
148703.16772460938,5454.0,30.0,17.0,201524.0
148721.8505859375,5455.0,33.0,19.0,201526.0
148740.53344726562,5456.0,36.0,22.0,201529.0
148759.21606445312,5457.0,39.0,24.0,201531.0
148777.89892578125,5458.0,40.0,25.0,201532.0
148796.58178710938,5459.0,38.0,22.0,201529.0
148815.2646484375,5460.0,29.0,14.0,201521.0
148833.94750976562,5461.0,17.0,1.0,201508.0
148852.63037109375,5462.0,4.0,-13.0,201494.0
148871.31323242188,5463.0,-6.0,-24.0,201483.0
148889.99609375,5464.0,-12.0,-31.0,201476.0
148908.6787109375,5465.0,-14.0,-33.0,201474.0
148927.36157226562,5466.0,-11.0,-31.0,201476.0
148946.04443359375,5467.0,-7.0,-26.0,201481.0
148964.72729492188,5468.0,-2.0,-20.0,201487.0
148983.41015625,5469.0,3.0,-14.0,201493.0
149002.09301757812,5470.0,6.0,-9.0,201498.0
149020.77587890625,5471.0,8.0,-5.0,201502.0
149039.45874023438,5472.0,9.0,-3.0,201504.0
149058.1416015625,5473.0,8.0,-2.0,201505.0
149076.82421875,5474.0,8.0,-2.0,201505.0
149095.50708007812,5475.0,9.0,0.0,201507.0
149114.18994140625,5476.0,11.0,1.0,201508.0
149132.87280273438,5477.0,13.0,2.0,201509.0
149151.5556640625,5478.0,12.0,2.0,201509.0
149170.23852539062,5479.0,12.0,0.0,201507.0
149188.92138671875,5480.0,10.0,-4.0,201503.0
149207.60424804688,5481.0,7.0,-8.0,201499.0
149226.28686523438,5482.0,4.0,-10.0,201497.0
149244.9697265625,5483.0,2.0,-11.0,201496.0
149263.65258789062,5484.0,1.0,-10.0,201497.0
149282.33544921875,5485.0,1.0,-8.0,201499.0
149301.01831054688,5486.0,1.0,-6.0,201501.0
149319.701171875,5487.0,2.0,-4.0,201503.0
149338.38403320312,5488.0,4.0,-1.0,201506.0
149357.06689453125,5489.0,6.0,1.0,201508.0
149375.74975585938,5490.0,9.0,4.0,201511.0
149394.43237304688,5491.0,12.0,7.0,201514.0
149413.115234375,5492.0,13.0,9.0,201516.0
149431.79809570312,5493.0,13.0,12.0,201519.0
149450.48095703125,5494.0,13.0,14.0,201521.0
149469.16381835938,5495.0,15.0,15.0,201522.0
149487.8466796875,5496.0,17.0,16.0,201523.0
149506.52954101562,5497.0,16.0,14.0,201521.0
149525.21240234375,5498.0,10.0,8.0,201515.0
149543.89501953125,5499.0,-2.0,-3.0,201504.0
149562.57788085938,5500.0,-14.0,-16.0,201491.0
149581.2607421875,5501.0,-28.0,-29.0,201478.0
149599.94360351562,5502.0,-40.0,-40.0,201467.0
149618.62646484375,5503.0,-47.0,-47.0,201460.0
149637.30932617188,5504.0,-50.0,-49.0,201458.0
149655.9921875,5505.0,-47.0,-47.0,201460.0
149674.67504882812,5506.0,-41.0,-42.0,201465.0
149693.35791015625,5507.0,-33.0,-37.0,201470.0
149712.04052734375,5508.0,-26.0,-31.0,201476.0
149730.72338867188,5509.0,-20.0,-27.0,201480.0
149749.40625,5510.0,-17.0,-23.0,201484.0
149768.08911132812,5511.0,-16.0,-22.0,201485.0
149786.77197265625,5512.0,-15.0,-20.0,201487.0
149805.45483398438,5513.0,-15.0,-20.0,201487.0
149824.1376953125,5514.0,-14.0,-19.0,201488.0
149842.82055664062,5515.0,-12.0,-17.0,201490.0
149861.50317382812,5516.0,-12.0,-13.0,201494.0
149880.18603515625,5517.0,-13.0,-13.0,201494.0
149898.86889648438,5518.0,-15.0,-14.0,201493.0
149917.5517578125,5519.0,-16.0,-15.0,201492.0
149936.23461914062,5520.0,-16.0,-17.0,201490.0
149954.91748046875,5521.0,-14.0,-18.0,201489.0
149973.60034179688,5522.0,-13.0,-18.0,201489.0
149992.283203125,5523.0,-12.0,-17.0,201490.0
150010.9658203125,5524.0,-9.0,-14.0,201493.0
150029.64868164062,5525.0,-5.0,-11.0,201496.0
150048.33154296875,5526.0,0.0,-7.0,201500.0
150067.01440429688,5527.0,5.0,-2.0,201505.0
150085.697265625,5528.0,11.0,2.0,201509.0
150104.38012695312,5529.0,16.0,5.0,201512.0
150123.06298828125,5530.0,19.0,7.0,201514.0
150141.74584960938,5531.0,18.0,7.0,201514.0
150160.4287109375,5532.0,13.0,6.0,201513.0
150179.111328125,5533.0,5.0,0.0,201507.0
150197.79418945312,5534.0,-6.0,-10.0,201497.0
150216.47705078125,5535.0,-18.0,-21.0,201486.0
150235.15991210938,5536.0,-29.0,-31.0,201476.0
150253.8427734375,5537.0,-37.0,-38.0,201469.0
150272.52563476562,5538.0,-39.0,-42.0,201465.0
150291.20849609375,5539.0,-36.0,-39.0,201468.0
150309.89135742188,5540.0,-30.0,-35.0,201472.0
150328.57397460938,5541.0,-22.0,-28.0,201479.0
150347.2568359375,5542.0,-14.0,-22.0,201485.0
150365.93969726562,5543.0,-8.0,-15.0,201492.0
150384.62255859375,5544.0,-4.0,-9.0,201498.0
150403.30541992188,5545.0,-2.0,-6.0,201501.0
150421.98828125,5546.0,0.0,-3.0,201504.0
150440.67114257812,5547.0,2.0,-2.0,201505.0
150459.35400390625,5548.0,3.0,0.0,201507.0
150478.03686523438,5549.0,4.0,2.0,201509.0
150496.71948242188,5550.0,6.0,6.0,201513.0
150515.40234375,5551.0,8.0,8.0,201515.0
150534.08520507812,5552.0,9.0,9.0,201516.0
150552.76806640625,5553.0,9.0,8.0,201515.0
150571.45092773438,5554.0,11.0,6.0,201513.0
150590.1337890625,5555.0,11.0,4.0,201511.0
150608.81665039062,5556.0,11.0,3.0,201510.0
150627.49951171875,5557.0,7.0,3.0,201510.0
150646.18212890625,5558.0,5.0,4.0,201511.0
150664.86499023438,5559.0,3.0,7.0,201514.0
150683.5478515625,5560.0,3.0,10.0,201517.0
150702.23071289062,5561.0,5.0,13.0,201520.0
150720.91357421875,5562.0,10.0,17.0,201524.0
150739.59643554688,5563.0,17.0,21.0,201528.0
150758.279296875,5564.0,22.0,24.0,201531.0
150776.96215820312,5565.0,25.0,25.0,201532.0
150795.64501953125,5566.0,22.0,24.0,201531.0
150814.32763671875,5567.0,15.0,18.0,201525.0
150833.01049804688,5568.0,5.0,8.0,201515.0
150851.693359375,5569.0,-7.0,-6.0,201501.0
150870.37622070312,5570.0,-18.0,-17.0,201490.0
150889.05908203125,5571.0,-25.0,-27.0,201480.0
150907.74194335938,5572.0,-29.0,-33.0,201474.0
150926.4248046875,5573.0,-30.0,-34.0,201473.0
150945.10766601562,5574.0,-28.0,-30.0,201477.0
150963.79028320312,5575.0,-25.0,-25.0,201482.0
150982.47314453125,5576.0,-19.0,-19.0,201488.0
151001.15600585938,5577.0,-13.0,-12.0,201495.0
151019.8388671875,5578.0,-8.0,-7.0,201500.0
151038.52172851562,5579.0,-3.0,-2.0,201505.0
151057.20458984375,5580.0,0.0,1.0,201508.0
151075.88745117188,5581.0,4.0,4.0,201511.0
151094.5703125,5582.0,7.0,7.0,201514.0
151113.2529296875,5583.0,10.0,10.0,201517.0
151131.93579101562,5584.0,14.0,13.0,201520.0
151150.61865234375,5585.0,17.0,14.0,201521.0
151169.30151367188,5586.0,16.0,13.0,201520.0
151187.984375,5587.0,12.0,11.0,201518.0
151206.66723632812,5588.0,7.0,9.0,201516.0
151225.35009765625,5589.0,2.0,7.0,201514.0
151244.03295898438,5590.0,-2.0,5.0,201512.0
151262.7158203125,5591.0,-6.0,5.0,201512.0
151281.3984375,5592.0,-8.0,5.0,201512.0
151300.08129882812,5593.0,-7.0,6.0,201513.0
151318.76416015625,5594.0,-2.0,9.0,201516.0
151337.44702148438,5595.0,4.0,12.0,201519.0
151356.1298828125,5596.0,10.0,17.0,201524.0
151374.81274414062,5597.0,13.0,21.0,201528.0
151393.49560546875,5598.0,16.0,25.0,201532.0
151412.17846679688,5599.0,18.0,28.0,201535.0
151430.86108398438,5600.0,19.0,29.0,201536.0
151449.5439453125,5601.0,17.0,30.0,201537.0
151468.22680664062,5602.0,10.0,27.0,201534.0
151486.90966796875,5603.0,0.0,17.0,201524.0
151505.59252929688,5604.0,-12.0,5.0,201512.0
151524.275390625,5605.0,-24.0,-8.0,201499.0
151542.95825195312,5606.0,-31.0,-20.0,201487.0
151561.64111328125,5607.0,-36.0,-27.0,201480.0
151580.32397460938,5608.0,-36.0,-30.0,201477.0
151599.00659179688,5609.0,-34.0,-29.0,201478.0
151617.689453125,5610.0,-30.0,-23.0,201484.0
151636.37231445312,5611.0,-22.0,-17.0,201490.0
151655.05517578125,5612.0,-14.0,-11.0,201496.0
151673.73803710938,5613.0,-7.0,-5.0,201502.0
151692.4208984375,5614.0,0.0,0.0,201507.0
151711.10375976562,5615.0,6.0,4.0,201511.0
151729.78662109375,5616.0,9.0,8.0,201515.0
151748.46923828125,5617.0,11.0,11.0,201518.0
151767.15209960938,5618.0,13.0,15.0,201522.0
151785.8349609375,5619.0,16.0,19.0,201526.0
151804.51782226562,5620.0,18.0,20.0,201527.0
151823.20068359375,5621.0,17.0,19.0,201526.0
151841.88354492188,5622.0,14.0,15.0,201522.0
151860.56640625,5623.0,9.0,11.0,201518.0
151879.24926757812,5624.0,4.0,8.0,201515.0
151897.93212890625,5625.0,2.0,6.0,201513.0
151916.61474609375,5626.0,1.0,6.0,201513.0
151935.29760742188,5627.0,1.0,8.0,201515.0
151953.98046875,5628.0,2.0,10.0,201517.0
151972.66333007812,5629.0,3.0,12.0,201519.0
151991.34619140625,5630.0,6.0,14.0,201521.0
152010.02905273438,5631.0,9.0,17.0,201524.0
152028.7119140625,5632.0,14.0,21.0,201528.0
152047.39477539062,5633.0,18.0,25.0,201532.0
152066.07739257812,5634.0,18.0,27.0,201534.0
152084.76025390625,5635.0,18.0,29.0,201536.0
152103.44311523438,5636.0,17.0,30.0,201537.0
152122.1259765625,5637.0,17.0,30.0,201537.0
152140.80883789062,5638.0,18.0,32.0,201539.0
152159.49169921875,5639.0,18.0,33.0,201540.0
152178.17456054688,5640.0,14.0,29.0,201536.0
152196.857421875,5641.0,7.0,19.0,201526.0
152215.5400390625,5642.0,-3.0,5.0,201512.0
152234.22290039062,5643.0,-14.0,-10.0,201497.0
152252.90576171875,5644.0,-24.0,-22.0,201485.0
152271.58862304688,5645.0,-32.0,-30.0,201477.0
152290.271484375,5646.0,-35.0,-32.0,201475.0
152308.95434570312,5647.0,-35.0,-30.0,201477.0
152327.63720703125,5648.0,-30.0,-25.0,201482.0
152346.32006835938,5649.0,-25.0,-18.0,201489.0
152365.0029296875,5650.0,-19.0,-11.0,201496.0
152383.685546875,5651.0,-13.0,-4.0,201503.0
152402.36840820312,5652.0,-8.0,1.0,201508.0
152421.05126953125,5653.0,-2.0,5.0,201512.0
152439.73413085938,5654.0,3.0,8.0,201515.0
152458.4169921875,5655.0,6.0,10.0,201517.0
152477.09985351562,5656.0,8.0,12.0,201519.0
152495.78271484375,5657.0,7.0,11.0,201518.0
152514.46557617188,5658.0,1.0,8.0,201515.0
152533.14819335938,5659.0,-8.0,4.0,201511.0
152551.8310546875,5660.0,-17.0,0.0,201507.0
152570.51391601562,5661.0,-25.0,-5.0,201502.0
152589.19677734375,5662.0,-32.0,-9.0,201498.0
152607.87963867188,5663.0,-35.0,-11.0,201496.0
152626.5625,5664.0,-37.0,-11.0,201496.0
152645.24536132812,5665.0,-38.0,-11.0,201496.0
152663.92822265625,5666.0,-35.0,-10.0,201497.0
152682.61108398438,5667.0,-31.0,-8.0,201499.0
152701.29370117188,5668.0,-26.0,-5.0,201502.0
152719.9765625,5669.0,-22.0,-1.0,201506.0
152738.65942382812,5670.0,-18.0,3.0,201510.0
152757.34228515625,5671.0,-14.0,7.0,201514.0
152776.02514648438,5672.0,-10.0,8.0,201515.0
152794.7080078125,5673.0,-8.0,10.0,201517.0
152813.39086914062,5674.0,-6.0,11.0,201518.0
152832.07373046875,5675.0,-3.0,12.0,201519.0
152850.75634765625,5676.0,-4.0,10.0,201517.0
152869.43920898438,5677.0,-11.0,3.0,201510.0
152888.1220703125,5678.0,-23.0,-9.0,201498.0
152906.80493164062,5679.0,-36.0,-21.0,201486.0
152925.48779296875,5680.0,-47.0,-32.0,201475.0
152944.17065429688,5681.0,-56.0,-40.0,201467.0
152962.853515625,5682.0,-60.0,-42.0,201465.0
152981.53637695312,5683.0,-61.0,-42.0,201465.0
153000.21923828125,5684.0,-60.0,-37.0,201470.0
153018.90185546875,5685.0,-55.0,-31.0,201476.0
153037.58471679688,5686.0,-48.0,-24.0,201483.0
153056.267578125,5687.0,-39.0,-17.0,201490.0
153074.95043945312,5688.0,-30.0,-13.0,201494.0
153093.63330078125,5689.0,-24.0,-10.0,201497.0
153112.31616210938,5690.0,-21.0,-7.0,201500.0
153130.9990234375,5691.0,-17.0,-5.0,201502.0
153149.68188476562,5692.0,-15.0,-2.0,201505.0
153168.36450195312,5693.0,-12.0,1.0,201508.0
153187.04736328125,5694.0,-12.0,3.0,201510.0
153205.73022460938,5695.0,-14.0,4.0,201511.0
153224.4130859375,5696.0,-14.0,3.0,201510.0
153243.09594726562,5697.0,-15.0,1.0,201508.0
153261.77880859375,5698.0,-16.0,-2.0,201505.0
153280.46166992188,5699.0,-16.0,-5.0,201502.0
153299.14453125,5700.0,-17.0,-6.0,201501.0
153317.8271484375,5701.0,-15.0,-7.0,201500.0
153336.51000976562,5702.0,-13.0,-4.0,201503.0
153355.19287109375,5703.0,-9.0,-2.0,201505.0
153373.87573242188,5704.0,-6.0,0.0,201507.0
153392.55859375,5705.0,-2.0,4.0,201511.0
153411.24145507812,5706.0,2.0,7.0,201514.0
153429.92431640625,5707.0,5.0,10.0,201517.0
153448.60717773438,5708.0,7.0,13.0,201520.0
153467.2900390625,5709.0,8.0,17.0,201524.0
153485.97265625,5710.0,8.0,21.0,201528.0
153504.65551757812,5711.0,5.0,20.0,201527.0
153523.33837890625,5712.0,-1.0,15.0,201522.0
153542.02124023438,5713.0,-11.0,3.0,201510.0
153560.7041015625,5714.0,-22.0,-10.0,201497.0
153579.38696289062,5715.0,-33.0,-20.0,201487.0
153598.06982421875,5716.0,-39.0,-28.0,201479.0
153616.75268554688,5717.0,-41.0,-31.0,201476.0
153635.43530273438,5718.0,-38.0,-30.0,201477.0
153654.1181640625,5719.0,-31.0,-24.0,201483.0
153672.80102539062,5720.0,-21.0,-18.0,201489.0
153691.48388671875,5721.0,-10.0,-12.0,201495.0
153710.16674804688,5722.0,0.0,-5.0,201502.0
153728.849609375,5723.0,9.0,1.0,201508.0
153747.53247070312,5724.0,16.0,6.0,201513.0
153766.21533203125,5725.0,20.0,8.0,201515.0
153784.89819335938,5726.0,22.0,11.0,201518.0
153803.58081054688,5727.0,22.0,14.0,201521.0
153822.263671875,5728.0,21.0,16.0,201523.0
153840.94653320312,5729.0,18.0,18.0,201525.0
153859.62939453125,5730.0,16.0,18.0,201525.0
153878.31225585938,5731.0,13.0,15.0,201522.0
153896.9951171875,5732.0,10.0,11.0,201518.0
153915.67797851562,5733.0,9.0,8.0,201515.0
153934.36083984375,5734.0,9.0,7.0,201514.0
153953.04345703125,5735.0,11.0,6.0,201513.0
153971.72631835938,5736.0,12.0,6.0,201513.0
153990.4091796875,5737.0,15.0,8.0,201515.0
154009.09204101562,5738.0,17.0,11.0,201518.0
154027.77490234375,5739.0,19.0,14.0,201521.0
154046.45776367188,5740.0,22.0,18.0,201525.0
154065.140625,5741.0,24.0,20.0,201527.0
154083.82348632812,5742.0,27.0,22.0,201529.0
154102.50634765625,5743.0,31.0,25.0,201532.0
154121.18896484375,5744.0,35.0,28.0,201535.0
154139.87182617188,5745.0,37.0,30.0,201537.0
154158.5546875,5746.0,38.0,32.0,201539.0
154177.23754882812,5747.0,34.0,31.0,201538.0
154195.92041015625,5748.0,29.0,25.0,201532.0
154214.60327148438,5749.0,20.0,15.0,201522.0
154233.2861328125,5750.0,8.0,3.0,201510.0
154251.96899414062,5751.0,-2.0,-9.0,201498.0
154270.65161132812,5752.0,-10.0,-18.0,201489.0
154289.33447265625,5753.0,-14.0,-22.0,201485.0
154308.01733398438,5754.0,-15.0,-22.0,201485.0
154326.7001953125,5755.0,-13.0,-17.0,201490.0
154345.38305664062,5756.0,-8.0,-11.0,201496.0
154364.06591796875,5757.0,-3.0,-5.0,201502.0
154382.74877929688,5758.0,2.0,1.0,201508.0
154401.431640625,5759.0,6.0,5.0,201512.0
154420.1142578125,5760.0,9.0,10.0,201517.0
154438.79711914062,5761.0,12.0,13.0,201520.0
154457.47998046875,5762.0,16.0,16.0,201523.0
154476.16284179688,5763.0,21.0,18.0,201525.0
154494.845703125,5764.0,23.0,19.0,201526.0
154513.52856445312,5765.0,23.0,19.0,201526.0
154532.21142578125,5766.0,22.0,16.0,201523.0
154550.89428710938,5767.0,20.0,13.0,201520.0
154569.5771484375,5768.0,18.0,11.0,201518.0
154588.259765625,5769.0,17.0,10.0,201517.0
154606.94262695312,5770.0,16.0,12.0,201519.0
154625.62548828125,5771.0,15.0,13.0,201520.0
154644.30834960938,5772.0,14.0,15.0,201522.0
154662.9912109375,5773.0,14.0,17.0,201524.0
154681.67407226562,5774.0,16.0,18.0,201525.0
154700.35693359375,5775.0,19.0,19.0,201526.0
154719.03979492188,5776.0,22.0,22.0,201529.0
154737.72241210938,5777.0,24.0,25.0,201532.0
154756.4052734375,5778.0,25.0,28.0,201535.0
154775.08813476562,5779.0,28.0,31.0,201538.0
154793.77099609375,5780.0,31.0,35.0,201542.0
154812.45385742188,5781.0,32.0,39.0,201546.0
154831.13671875,5782.0,34.0,41.0,201548.0
154849.81958007812,5783.0,36.0,44.0,201551.0
154868.50244140625,5784.0,37.0,45.0,201552.0
154887.18530273438,5785.0,37.0,45.0,201552.0
154905.86791992188,5786.0,32.0,40.0,201547.0
154924.55078125,5787.0,23.0,30.0,201537.0
154943.23364257812,5788.0,11.0,15.0,201522.0
154961.91650390625,5789.0,-3.0,1.0,201508.0
154980.59936523438,5790.0,-15.0,-12.0,201495.0
154999.2822265625,5791.0,-24.0,-20.0,201487.0
155017.96508789062,5792.0,-27.0,-24.0,201483.0
155036.64794921875,5793.0,-25.0,-21.0,201486.0
155055.33056640625,5794.0,-17.0,-16.0,201491.0
155074.01342773438,5795.0,-7.0,-10.0,201497.0
155092.6962890625,5796.0,4.0,-2.0,201505.0
155111.37915039062,5797.0,12.0,4.0,201511.0
155130.06201171875,5798.0,18.0,11.0,201518.0
155148.74487304688,5799.0,21.0,17.0,201524.0
155167.427734375,5800.0,23.0,22.0,201529.0
155186.11059570312,5801.0,25.0,27.0,201534.0
155204.79345703125,5802.0,25.0,28.0,201535.0
155223.47607421875,5803.0,25.0,28.0,201535.0
155242.15893554688,5804.0,21.0,26.0,201533.0
155260.841796875,5805.0,16.0,21.0,201528.0
155279.52465820312,5806.0,11.0,17.0,201524.0
155298.20751953125,5807.0,7.0,13.0,201520.0
155316.89038085938,5808.0,4.0,11.0,201518.0
155335.5732421875,5809.0,4.0,10.0,201517.0
155354.25610351562,5810.0,4.0,10.0,201517.0
155372.93872070312,5811.0,6.0,11.0,201518.0
155391.62158203125,5812.0,8.0,12.0,201519.0
155410.30444335938,5813.0,12.0,15.0,201522.0
155428.9873046875,5814.0,16.0,18.0,201525.0
155447.67016601562,5815.0,20.0,23.0,201530.0
155466.35302734375,5816.0,23.0,27.0,201534.0
155485.03588867188,5817.0,27.0,30.0,201537.0
155503.71875,5818.0,30.0,33.0,201540.0
155522.4013671875,5819.0,33.0,36.0,201543.0
155541.08422851562,5820.0,34.0,37.0,201544.0
155559.76708984375,5821.0,32.0,37.0,201544.0
155578.44995117188,5822.0,30.0,36.0,201543.0
155597.1328125,5823.0,26.0,36.0,201543.0
155615.81567382812,5824.0,24.0,37.0,201544.0
155634.49853515625,5825.0,23.0,37.0,201544.0
155653.18139648438,5826.0,20.0,36.0,201543.0
155671.8642578125,5827.0,15.0,32.0,201539.0
155690.546875,5828.0,5.0,23.0,201530.0
155709.22973632812,5829.0,-9.0,9.0,201516.0
155727.91259765625,5830.0,-23.0,-5.0,201502.0
155746.59545898438,5831.0,-32.0,-18.0,201489.0
155765.2783203125,5832.0,-36.0,-27.0,201480.0
155783.96118164062,5833.0,-36.0,-31.0,201476.0
155802.64404296875,5834.0,-32.0,-29.0,201478.0
155821.32690429688,5835.0,-26.0,-25.0,201482.0
155840.00952148438,5836.0,-18.0,-19.0,201488.0
155858.6923828125,5837.0,-7.0,-13.0,201494.0
155877.37524414062,5838.0,2.0,-6.0,201501.0
155896.05810546875,5839.0,8.0,0.0,201507.0
155914.74096679688,5840.0,10.0,5.0,201512.0
155933.423828125,5841.0,11.0,8.0,201515.0
155952.10668945312,5842.0,11.0,9.0,201516.0
155970.78955078125,5843.0,10.0,11.0,201518.0
155989.47241210938,5844.0,10.0,12.0,201519.0
156008.15502929688,5845.0,8.0,12.0,201519.0
156026.837890625,5846.0,5.0,11.0,201518.0
156045.52075195312,5847.0,-2.0,7.0,201514.0
156064.20361328125,5848.0,-11.0,2.0,201509.0
156082.88647460938,5849.0,-19.0,-3.0,201504.0
156101.5693359375,5850.0,-24.0,-7.0,201500.0
156120.25219726562,5851.0,-26.0,-9.0,201498.0
156138.93505859375,5852.0,-29.0,-9.0,201498.0
156157.61767578125,5853.0,-31.0,-7.0,201500.0
156176.30053710938,5854.0,-31.0,-4.0,201503.0
156194.9833984375,5855.0,-29.0,-1.0,201506.0
156213.66625976562,5856.0,-26.0,2.0,201509.0
156232.34912109375,5857.0,-21.0,4.0,201511.0
156251.03198242188,5858.0,-19.0,6.0,201513.0
156269.71484375,5859.0,-16.0,8.0,201515.0
156288.39770507812,5860.0,-14.0,8.0,201515.0
156307.08056640625,5861.0,-11.0,10.0,201517.0
156325.76318359375,5862.0,-9.0,12.0,201519.0
156344.44604492188,5863.0,-7.0,14.0,201521.0
156363.12890625,5864.0,-6.0,16.0,201523.0
156381.81176757812,5865.0,-5.0,14.0,201521.0
156400.49462890625,5866.0,-7.0,8.0,201515.0
156419.17749023438,5867.0,-14.0,-2.0,201505.0
156437.8603515625,5868.0,-23.0,-14.0,201493.0
156456.54321289062,5869.0,-32.0,-25.0,201482.0
156475.22583007812,5870.0,-37.0,-32.0,201475.0
156493.90869140625,5871.0,-39.0,-35.0,201472.0
156512.59155273438,5872.0,-37.0,-35.0,201472.0
156531.2744140625,5873.0,-34.0,-30.0,201477.0
156549.95727539062,5874.0,-28.0,-24.0,201483.0
156568.64013671875,5875.0,-23.0,-16.0,201491.0
156587.32299804688,5876.0,-17.0,-8.0,201499.0
156606.005859375,5877.0,-11.0,-1.0,201506.0
156624.6884765625,5878.0,-6.0,3.0,201510.0
156643.37133789062,5879.0,-3.0,6.0,201513.0
156662.05419921875,5880.0,-2.0,7.0,201514.0
156680.73706054688,5881.0,-2.0,8.0,201515.0
156699.419921875,5882.0,0.0,10.0,201517.0
156718.10278320312,5883.0,2.0,11.0,201518.0
156736.78564453125,5884.0,4.0,12.0,201519.0
156755.46850585938,5885.0,3.0,11.0,201518.0
156774.1513671875,5886.0,0.0,7.0,201514.0
156792.833984375,5887.0,-3.0,4.0,201511.0
156811.51684570312,5888.0,-5.0,1.0,201508.0
156830.19970703125,5889.0,-6.0,0.0,201507.0
156848.88256835938,5890.0,-5.0,0.0,201507.0
156867.5654296875,5891.0,-3.0,2.0,201509.0
156886.24829101562,5892.0,1.0,5.0,201512.0
156904.93115234375,5893.0,6.0,9.0,201516.0
156923.61401367188,5894.0,12.0,13.0,201520.0
156942.29663085938,5895.0,17.0,17.0,201524.0
156960.9794921875,5896.0,21.0,21.0,201528.0
156979.66235351562,5897.0,23.0,26.0,201533.0
156998.34521484375,5898.0,24.0,30.0,201537.0
157017.02807617188,5899.0,24.0,33.0,201540.0
157035.7109375,5900.0,22.0,32.0,201539.0
157054.39379882812,5901.0,16.0,27.0,201534.0
157073.07666015625,5902.0,6.0,18.0,201525.0
157091.75952148438,5903.0,-7.0,6.0,201513.0
157110.44213867188,5904.0,-20.0,-5.0,201502.0
157129.125,5905.0,-30.0,-14.0,201493.0
157147.80786132812,5906.0,-34.0,-20.0,201487.0
157166.49072265625,5907.0,-36.0,-21.0,201486.0
157185.17358398438,5908.0,-33.0,-19.0,201488.0
157203.8564453125,5909.0,-28.0,-15.0,201492.0
157222.53930664062,5910.0,-21.0,-10.0,201497.0
157241.22216796875,5911.0,-13.0,-4.0,201503.0
157259.90478515625,5912.0,-6.0,1.0,201508.0
157278.58764648438,5913.0,0.0,6.0,201513.0
157297.2705078125,5914.0,4.0,11.0,201518.0
157315.95336914062,5915.0,8.0,15.0,201522.0
157334.63623046875,5916.0,12.0,19.0,201526.0
157353.31909179688,5917.0,18.0,23.0,201530.0
157372.001953125,5918.0,23.0,25.0,201532.0
157390.68481445312,5919.0,26.0,26.0,201533.0
157409.36767578125,5920.0,25.0,25.0,201532.0
157428.05029296875,5921.0,20.0,23.0,201530.0
157446.73315429688,5922.0,16.0,20.0,201527.0
157465.416015625,5923.0,11.0,17.0,201524.0
157484.09887695312,5924.0,6.0,15.0,201522.0
157502.78173828125,5925.0,3.0,14.0,201521.0
157521.46459960938,5926.0,1.0,15.0,201522.0
157540.1474609375,5927.0,1.0,18.0,201525.0
157558.83032226562,5928.0,3.0,21.0,201528.0
157577.51293945312,5929.0,7.0,27.0,201534.0
157596.19580078125,5930.0,10.0,32.0,201539.0
157614.87866210938,5931.0,14.0,35.0,201542.0
157633.5615234375,5932.0,18.0,39.0,201546.0
157652.24438476562,5933.0,23.0,42.0,201549.0
157670.92724609375,5934.0,27.0,44.0,201551.0
157689.61010742188,5935.0,30.0,47.0,201554.0
157708.29296875,5936.0,31.0,48.0,201555.0
157726.9755859375,5937.0,32.0,48.0,201555.0
157745.65844726562,5938.0,30.0,45.0,201552.0
157764.34130859375,5939.0,24.0,36.0,201543.0
157783.02416992188,5940.0,15.0,25.0,201532.0
157801.70703125,5941.0,5.0,13.0,201520.0
157820.38989257812,5942.0,-6.0,3.0,201510.0
157839.07275390625,5943.0,-14.0,-4.0,201503.0
157857.75561523438,5944.0,-18.0,-8.0,201499.0
157876.4384765625,5945.0,-17.0,-9.0,201498.0
157895.12109375,5946.0,-12.0,-6.0,201501.0
157913.80395507812,5947.0,-5.0,-1.0,201506.0
157932.48681640625,5948.0,2.0,4.0,201511.0
157951.16967773438,5949.0,8.0,8.0,201515.0
157969.8525390625,5950.0,13.0,13.0,201520.0
157988.53540039062,5951.0,16.0,17.0,201524.0
158007.21826171875,5952.0,20.0,21.0,201528.0
158025.90112304688,5953.0,22.0,25.0,201532.0
158044.58374023438,5954.0,23.0,28.0,201535.0
158063.2666015625,5955.0,22.0,31.0,201538.0
158081.94946289062,5956.0,22.0,30.0,201537.0
158100.63232421875,5957.0,20.0,29.0,201536.0
158119.31518554688,5958.0,16.0,27.0,201534.0
158137.998046875,5959.0,11.0,23.0,201530.0
158156.68090820312,5960.0,6.0,19.0,201526.0
158175.36376953125,5961.0,5.0,17.0,201524.0
158194.04663085938,5962.0,7.0,16.0,201523.0
158212.72924804688,5963.0,9.0,15.0,201522.0
158231.412109375,5964.0,12.0,16.0,201523.0
158250.09497070312,5965.0,14.0,18.0,201525.0
158268.77783203125,5966.0,16.0,22.0,201529.0
158287.46069335938,5967.0,17.0,25.0,201532.0
158306.1435546875,5968.0,18.0,28.0,201535.0
158324.82641601562,5969.0,20.0,32.0,201539.0
158343.50927734375,5970.0,23.0,36.0,201543.0
158362.19189453125,5971.0,26.0,38.0,201545.0
158380.87475585938,5972.0,27.0,40.0,201547.0
158399.5576171875,5973.0,28.0,39.0,201546.0
158418.24047851562,5974.0,28.0,39.0,201546.0
158436.92333984375,5975.0,27.0,38.0,201545.0
158455.60620117188,5976.0,27.0,38.0,201545.0
158474.2890625,5977.0,26.0,35.0,201542.0
158492.97192382812,5978.0,20.0,30.0,201537.0
158511.65478515625,5979.0,9.0,21.0,201528.0
158530.33740234375,5980.0,-3.0,9.0,201516.0
158549.02026367188,5981.0,-15.0,-3.0,201504.0
158567.703125,5982.0,-25.0,-14.0,201493.0
158586.38598632812,5983.0,-31.0,-20.0,201487.0
158605.06884765625,5984.0,-34.0,-24.0,201483.0
158623.75170898438,5985.0,-32.0,-24.0,201483.0
158642.4345703125,5986.0,-29.0,-19.0,201488.0
158661.11743164062,5987.0,-24.0,-12.0,201495.0
158679.80004882812,5988.0,-17.0,-4.0,201503.0
158698.48291015625,5989.0,-12.0,2.0,201509.0
158717.16577148438,5990.0,-7.0,6.0,201513.0
158735.8486328125,5991.0,-4.0,9.0,201516.0
158754.53149414062,5992.0,-3.0,11.0,201518.0
158773.21435546875,5993.0,-2.0,14.0,201521.0
158791.89721679688,5994.0,-1.0,15.0,201522.0
158810.580078125,5995.0,-2.0,16.0,201523.0
158829.2626953125,5996.0,-3.0,16.0,201523.0
158847.94555664062,5997.0,-4.0,14.0,201521.0
158866.62841796875,5998.0,-5.0,11.0,201518.0
158885.31127929688,5999.0,-6.0,8.0,201515.0
158903.994140625,6000.0,-8.0,5.0,201512.0
158922.67700195312,6001.0,-9.0,5.0,201512.0
158941.35986328125,6002.0,-8.0,5.0,201512.0
158960.04272460938,6003.0,-9.0,6.0,201513.0
158978.7255859375,6004.0,-8.0,8.0,201515.0
158997.408203125,6005.0,-7.0,11.0,201518.0
159016.09106445312,6006.0,-4.0,15.0,201522.0
159034.77392578125,6007.0,-1.0,18.0,201525.0
159053.45678710938,6008.0,3.0,20.0,201527.0
159072.1396484375,6009.0,6.0,21.0,201528.0
159090.82250976562,6010.0,5.0,23.0,201530.0
159109.50537109375,6011.0,1.0,23.0,201530.0
159128.18823242188,6012.0,-6.0,20.0,201527.0
159146.87084960938,6013.0,-15.0,13.0,201520.0
159165.5537109375,6014.0,-27.0,2.0,201509.0
159184.23657226562,6015.0,-38.0,-9.0,201498.0
159202.91943359375,6016.0,-46.0,-19.0,201488.0
159221.60229492188,6017.0,-53.0,-25.0,201482.0
159240.28515625,6018.0,-56.0,-28.0,201479.0
159258.96801757812,6019.0,-55.0,-27.0,201480.0
159277.65087890625,6020.0,-54.0,-23.0,201484.0
159296.33374023438,6021.0,-50.0,-17.0,201490.0
159315.01635742188,6022.0,-43.0,-10.0,201497.0
159333.69921875,6023.0,-37.0,-3.0,201504.0
159352.38208007812,6024.0,-27.0,5.0,201512.0
159371.06494140625,6025.0,-16.0,13.0,201520.0
159389.74780273438,6026.0,-5.0,19.0,201526.0
159408.4306640625,6027.0,5.0,24.0,201531.0
159427.11352539062,6028.0,11.0,25.0,201532.0
159445.79638671875,6029.0,15.0,25.0,201532.0
159464.47900390625,6030.0,17.0,24.0,201531.0
159483.16186523438,6031.0,16.0,22.0,201529.0
159501.8447265625,6032.0,12.0,16.0,201523.0
159520.52758789062,6033.0,9.0,11.0,201518.0
159539.21044921875,6034.0,6.0,7.0,201514.0
159557.89331054688,6035.0,4.0,3.0,201510.0
159576.576171875,6036.0,4.0,2.0,201509.0
159595.25903320312,6037.0,5.0,3.0,201510.0
159613.94189453125,6038.0,6.0,5.0,201512.0
159632.62451171875,6039.0,8.0,9.0,201516.0
159651.30737304688,6040.0,11.0,14.0,201521.0
159669.990234375,6041.0,16.0,19.0,201526.0
159688.67309570312,6042.0,20.0,24.0,201531.0
159707.35595703125,6043.0,23.0,28.0,201535.0
159726.03881835938,6044.0,27.0,31.0,201538.0
159744.7216796875,6045.0,29.0,32.0,201539.0
159763.40454101562,6046.0,29.0,33.0,201540.0
159782.08715820312,6047.0,27.0,30.0,201537.0
159800.77001953125,6048.0,22.0,21.0,201528.0
159819.45288085938,6049.0,12.0,9.0,201516.0
159838.1357421875,6050.0,0.0,-4.0,201503.0
159856.81860351562,6051.0,-13.0,-16.0,201491.0
159875.50146484375,6052.0,-23.0,-24.0,201483.0
159894.18432617188,6053.0,-30.0,-27.0,201480.0
159912.8671875,6054.0,-33.0,-27.0,201480.0
159931.5498046875,6055.0,-32.0,-22.0,201485.0
159950.23266601562,6056.0,-29.0,-16.0,201491.0
159968.91552734375,6057.0,-23.0,-6.0,201501.0
159987.59838867188,6058.0,-13.0,3.0,201510.0
160006.28125,6059.0,-3.0,13.0,201520.0
160024.96411132812,6060.0,4.0,22.0,201529.0
160043.64697265625,6061.0,9.0,27.0,201534.0
160062.32983398438,6062.0,13.0,32.0,201539.0
160081.0126953125,6063.0,16.0,35.0,201542.0
160099.6953125,6064.0,18.0,36.0,201543.0
160118.37817382812,6065.0,19.0,35.0,201542.0
160137.06103515625,6066.0,16.0,31.0,201538.0
160155.74389648438,6067.0,11.0,27.0,201534.0
160174.4267578125,6068.0,4.0,22.0,201529.0
160193.10961914062,6069.0,-1.0,17.0,201524.0
160211.79248046875,6070.0,-3.0,14.0,201521.0
160230.47534179688,6071.0,-2.0,12.0,201519.0
160249.15795898438,6072.0,-1.0,12.0,201519.0
160267.8408203125,6073.0,0.0,14.0,201521.0
160286.52368164062,6074.0,-1.0,15.0,201522.0
160305.20654296875,6075.0,-1.0,18.0,201525.0
160323.88940429688,6076.0,1.0,20.0,201527.0
160342.572265625,6077.0,5.0,22.0,201529.0
160361.25512695312,6078.0,8.0,24.0,201531.0
160379.93798828125,6079.0,11.0,27.0,201534.0
160398.62084960938,6080.0,10.0,28.0,201535.0
160417.30346679688,6081.0,8.0,28.0,201535.0
160435.986328125,6082.0,2.0,23.0,201530.0
160454.66918945312,6083.0,-6.0,11.0,201518.0
160473.35205078125,6084.0,-16.0,-2.0,201505.0
160492.03491210938,6085.0,-26.0,-14.0,201493.0
160510.7177734375,6086.0,-35.0,-24.0,201483.0
160529.40063476562,6087.0,-41.0,-29.0,201478.0
160548.08349609375,6088.0,-42.0,-30.0,201477.0
160566.76611328125,6089.0,-41.0,-27.0,201480.0
160585.44897460938,6090.0,-36.0,-21.0,201486.0
160604.1318359375,6091.0,-30.0,-14.0,201493.0
160622.81469726562,6092.0,-23.0,-7.0,201500.0
160641.49755859375,6093.0,-14.0,0.0,201507.0
160660.18041992188,6094.0,-6.0,5.0,201512.0
160678.86328125,6095.0,2.0,8.0,201515.0
160697.54614257812,6096.0,8.0,10.0,201517.0
160716.22900390625,6097.0,13.0,12.0,201519.0
160734.91162109375,6098.0,16.0,13.0,201520.0
160753.59448242188,6099.0,15.0,12.0,201519.0
160772.27734375,6100.0,11.0,11.0,201518.0
160790.96020507812,6101.0,6.0,7.0,201514.0
160809.64306640625,6102.0,1.0,3.0,201510.0
160828.32592773438,6103.0,-4.0,0.0,201507.0
160847.0087890625,6104.0,-6.0,-2.0,201505.0
160865.69165039062,6105.0,-6.0,-1.0,201506.0
160884.37426757812,6106.0,-5.0,0.0,201507.0
160903.05712890625,6107.0,-5.0,3.0,201510.0
160921.73999023438,6108.0,-5.0,6.0,201513.0
160940.4228515625,6109.0,-3.0,10.0,201517.0
160959.10571289062,6110.0,-1.0,13.0,201520.0
160977.78857421875,6111.0,2.0,17.0,201524.0
160996.47143554688,6112.0,5.0,20.0,201527.0
161015.154296875,6113.0,9.0,23.0,201530.0
161033.8369140625,6114.0,11.0,24.0,201531.0
161052.51977539062,6115.0,15.0,26.0,201533.0
161071.20263671875,6116.0,17.0,27.0,201534.0
161089.88549804688,6117.0,17.0,25.0,201532.0
161108.568359375,6118.0,13.0,19.0,201526.0
161127.25122070312,6119.0,4.0,8.0,201515.0
161145.93408203125,6120.0,-9.0,-5.0,201502.0
161164.61694335938,6121.0,-21.0,-19.0,201488.0
161183.2998046875,6122.0,-32.0,-31.0,201476.0
161201.982421875,6123.0,-40.0,-39.0,201468.0
161220.66528320312,6124.0,-45.0,-41.0,201466.0
161239.34814453125,6125.0,-49.0,-40.0,201467.0
161258.03100585938,6126.0,-47.0,-34.0,201473.0
161276.7138671875,6127.0,-42.0,-28.0,201479.0
161295.39672851562,6128.0,-34.0,-19.0,201488.0
161314.07958984375,6129.0,-26.0,-13.0,201494.0
161332.76245117188,6130.0,-19.0,-8.0,201499.0
161351.44506835938,6131.0,-13.0,-3.0,201504.0
161370.1279296875,6132.0,-7.0,0.0,201507.0
161388.81079101562,6133.0,-3.0,2.0,201509.0
161407.49365234375,6134.0,0.0,2.0,201509.0
161426.17651367188,6135.0,-1.0,-1.0,201506.0
161444.859375,6136.0,-6.0,-6.0,201501.0
161463.54223632812,6137.0,-13.0,-12.0,201495.0
161482.22509765625,6138.0,-19.0,-18.0,201489.0
161500.90795898438,6139.0,-22.0,-22.0,201485.0
161519.59057617188,6140.0,-25.0,-25.0,201482.0
161538.2734375,6141.0,-27.0,-26.0,201481.0
161556.95629882812,6142.0,-27.0,-25.0,201482.0
161575.63916015625,6143.0,-26.0,-21.0,201486.0
161594.32202148438,6144.0,-23.0,-16.0,201491.0
161613.0048828125,6145.0,-21.0,-11.0,201496.0
161631.68774414062,6146.0,-18.0,-5.0,201502.0
161650.37060546875,6147.0,-15.0,-1.0,201506.0
161669.05322265625,6148.0,-12.0,4.0,201511.0
161687.73608398438,6149.0,-8.0,8.0,201515.0
161706.4189453125,6150.0,-5.0,12.0,201519.0
161725.10180664062,6151.0,-3.0,13.0,201520.0
161743.78466796875,6152.0,-3.0,12.0,201519.0
161762.46752929688,6153.0,-6.0,6.0,201513.0
161781.150390625,6154.0,-12.0,-4.0,201503.0
161799.83325195312,6155.0,-20.0,-16.0,201491.0
161818.51586914062,6156.0,-28.0,-27.0,201480.0
161837.19873046875,6157.0,-36.0,-34.0,201473.0
161855.88159179688,6158.0,-40.0,-38.0,201469.0
161874.564453125,6159.0,-43.0,-39.0,201468.0
161893.24731445312,6160.0,-42.0,-35.0,201472.0
161911.93017578125,6161.0,-39.0,-30.0,201477.0
161930.61303710938,6162.0,-34.0,-23.0,201484.0
161949.2958984375,6163.0,-29.0,-15.0,201492.0
161967.97875976562,6164.0,-24.0,-10.0,201497.0
161986.66137695312,6165.0,-20.0,-5.0,201502.0
162005.34423828125,6166.0,-18.0,0.0,201507.0
162024.02709960938,6167.0,-17.0,3.0,201510.0
162042.7099609375,6168.0,-15.0,5.0,201512.0
162061.39282226562,6169.0,-13.0,5.0,201512.0
162080.07568359375,6170.0,-14.0,2.0,201509.0
162098.75854492188,6171.0,-16.0,-1.0,201506.0
162117.44140625,6172.0,-18.0,-4.0,201503.0
162136.1240234375,6173.0,-19.0,-6.0,201501.0
162154.80688476562,6174.0,-18.0,-8.0,201499.0
162173.48974609375,6175.0,-15.0,-7.0,201500.0
162192.17260742188,6176.0,-12.0,-5.0,201502.0
162210.85546875,6177.0,-9.0,-2.0,201505.0
162229.53833007812,6178.0,-6.0,0.0,201507.0
162248.22119140625,6179.0,-4.0,3.0,201510.0
162266.90405273438,6180.0,-2.0,6.0,201513.0
162285.5869140625,6181.0,-1.0,10.0,201517.0
162304.26953125,6182.0,0.0,14.0,201521.0
162322.95239257812,6183.0,1.0,18.0,201525.0
162341.63525390625,6184.0,1.0,23.0,201530.0
162360.31811523438,6185.0,-1.0,22.0,201529.0
162379.0009765625,6186.0,-6.0,18.0,201525.0
162397.68383789062,6187.0,-14.0,8.0,201515.0
162416.36669921875,6188.0,-22.0,-3.0,201504.0
162435.04956054688,6189.0,-29.0,-14.0,201493.0
162453.73217773438,6190.0,-34.0,-23.0,201484.0
162472.4150390625,6191.0,-35.0,-27.0,201480.0
162491.09790039062,6192.0,-35.0,-26.0,201481.0
162509.78076171875,6193.0,-32.0,-24.0,201483.0
162528.46362304688,6194.0,-27.0,-20.0,201487.0
162547.146484375,6195.0,-23.0,-14.0,201493.0
162565.82934570312,6196.0,-19.0,-9.0,201498.0
162584.51220703125,6197.0,-13.0,-3.0,201504.0
162603.19506835938,6198.0,-8.0,4.0,201511.0
162621.87768554688,6199.0,-3.0,10.0,201517.0
162640.560546875,6200.0,3.0,16.0,201523.0
162659.24340820312,6201.0,6.0,21.0,201528.0
162677.92626953125,6202.0,8.0,22.0,201529.0
162696.60913085938,6203.0,8.0,22.0,201529.0
162715.2919921875,6204.0,6.0,19.0,201526.0
162733.97485351562,6205.0,2.0,16.0,201523.0
162752.65771484375,6206.0,-3.0,11.0,201518.0
162771.34033203125,6207.0,-9.0,7.0,201514.0
162790.02319335938,6208.0,-12.0,5.0,201512.0
162808.7060546875,6209.0,-12.0,3.0,201510.0
162827.38891601562,6210.0,-8.0,0.0,201507.0
162846.07177734375,6211.0,-1.0,-3.0,201504.0
162864.75463867188,6212.0,6.0,-5.0,201502.0
162883.4375,6213.0,10.0,-2.0,201505.0
162902.12036132812,6214.0,13.0,4.0,201511.0
162920.80297851562,6215.0,16.0,13.0,201520.0
162939.48583984375,6216.0,21.0,20.0,201527.0
162958.16870117188,6217.0,25.0,25.0,201532.0
162976.8515625,6218.0,29.0,25.0,201532.0
162995.53442382812,6219.0,29.0,20.0,201527.0
163014.21728515625,6220.0,23.0,11.0,201518.0
163032.90014648438,6221.0,15.0,0.0,201507.0
163051.5830078125,6222.0,4.0,-11.0,201496.0
163070.26586914062,6223.0,-5.0,-21.0,201486.0
163088.94848632812,6224.0,-10.0,-29.0,201478.0
163107.63134765625,6225.0,-11.0,-34.0,201473.0
163126.31420898438,6226.0,-7.0,-37.0,201470.0
163144.9970703125,6227.0,-1.0,-38.0,201469.0
163163.67993164062,6228.0,4.0,-38.0,201469.0
163182.36279296875,6229.0,6.0,-36.0,201471.0
163201.04565429688,6230.0,5.0,-29.0,201478.0
163219.728515625,6231.0,3.0,-22.0,201485.0
163238.4111328125,6232.0,4.0,-19.0,201488.0
163257.09399414062,6233.0,5.0,-16.0,201491.0
163275.77685546875,6234.0,5.0,-13.0,201494.0
163294.45971679688,6235.0,5.0,-8.0,201499.0
163313.142578125,6236.0,4.0,-1.0,201506.0
163331.82543945312,6237.0,5.0,5.0,201512.0
163350.50830078125,6238.0,4.0,8.0,201515.0
163369.19116210938,6239.0,3.0,6.0,201513.0
163387.8740234375,6240.0,3.0,2.0,201509.0
163406.556640625,6241.0,6.0,-4.0,201503.0
163425.23950195312,6242.0,10.0,-9.0,201498.0
163443.92236328125,6243.0,12.0,-14.0,201493.0
163462.60522460938,6244.0,10.0,-18.0,201489.0
163481.2880859375,6245.0,9.0,-20.0,201487.0
163499.97094726562,6246.0,7.0,-20.0,201487.0
163518.65380859375,6247.0,6.0,-18.0,201489.0
163537.33666992188,6248.0,4.0,-15.0,201492.0
163556.01928710938,6249.0,3.0,-11.0,201496.0
163574.7021484375,6250.0,3.0,-7.0,201500.0
163593.38500976562,6251.0,3.0,-1.0,201506.0
163612.06787109375,6252.0,5.0,5.0,201512.0
163630.75073242188,6253.0,4.0,8.0,201515.0
163649.43359375,6254.0,1.0,7.0,201514.0
163668.11645507812,6255.0,-6.0,2.0,201509.0
163686.79931640625,6256.0,-15.0,-5.0,201502.0
163705.48217773438,6257.0,-25.0,-13.0,201494.0
163724.16479492188,6258.0,-34.0,-18.0,201489.0
163742.84765625,6259.0,-39.0,-22.0,201485.0
163761.53051757812,6260.0,-43.0,-23.0,201484.0
163780.21337890625,6261.0,-42.0,-21.0,201486.0
163798.89624023438,6262.0,-39.0,-18.0,201489.0
163817.5791015625,6263.0,-34.0,-14.0,201493.0
163836.26196289062,6264.0,-31.0,-10.0,201497.0
163854.94482421875,6265.0,-26.0,-5.0,201502.0
163873.62744140625,6266.0,-22.0,-1.0,201506.0
163892.31030273438,6267.0,-19.0,4.0,201511.0
163910.9931640625,6268.0,-16.0,8.0,201515.0
163929.67602539062,6269.0,-12.0,13.0,201520.0
163948.35888671875,6270.0,-9.0,17.0,201524.0
163967.04174804688,6271.0,-8.0,20.0,201527.0
163985.724609375,6272.0,-10.0,19.0,201526.0
164004.40747070312,6273.0,-13.0,15.0,201522.0
164023.09008789062,6274.0,-15.0,11.0,201518.0
164041.77294921875,6275.0,-16.0,8.0,201515.0
164060.45581054688,6276.0,-15.0,7.0,201514.0
164079.138671875,6277.0,-14.0,8.0,201515.0
164097.82153320312,6278.0,-13.0,11.0,201518.0
164116.50439453125,6279.0,-11.0,15.0,201522.0
164135.18725585938,6280.0,-9.0,19.0,201526.0
164153.8701171875,6281.0,-7.0,23.0,201530.0
164172.55297851562,6282.0,-4.0,26.0,201533.0
164191.23559570312,6283.0,-1.0,29.0,201536.0
164209.91845703125,6284.0,3.0,31.0,201538.0
164228.60131835938,6285.0,8.0,34.0,201541.0
164247.2841796875,6286.0,12.0,37.0,201544.0
164265.96704101562,6287.0,14.0,36.0,201543.0
164284.64990234375,6288.0,11.0,33.0,201540.0
164303.33276367188,6289.0,4.0,23.0,201530.0
164322.015625,6290.0,-6.0,11.0,201518.0
164340.6982421875,6291.0,-15.0,-3.0,201504.0
164359.38110351562,6292.0,-24.0,-14.0,201493.0
164378.06396484375,6293.0,-31.0,-22.0,201485.0
164396.74682617188,6294.0,-34.0,-26.0,201481.0
164415.4296875,6295.0,-36.0,-24.0,201483.0
164434.11254882812,6296.0,-33.0,-20.0,201487.0
164452.79541015625,6297.0,-28.0,-14.0,201493.0
164471.47827148438,6298.0,-21.0,-6.0,201501.0
164490.1611328125,6299.0,-11.0,1.0,201508.0
164508.84375,6300.0,-4.0,8.0,201515.0
164527.52661132812,6301.0,3.0,15.0,201522.0
164546.20947265625,6302.0,8.0,20.0,201527.0
164564.89233398438,6303.0,12.0,24.0,201531.0
164583.5751953125,6304.0,16.0,28.0,201535.0
164602.25805664062,6305.0,19.0,29.0,201536.0
164620.94091796875,6306.0,20.0,30.0,201537.0
164639.62377929688,6307.0,19.0,29.0,201536.0
164658.30639648438,6308.0,16.0,25.0,201532.0
164676.9892578125,6309.0,12.0,21.0,201528.0
164695.67211914062,6310.0,11.0,18.0,201525.0
164714.35498046875,6311.0,10.0,16.0,201523.0
164733.03784179688,6312.0,11.0,15.0,201522.0
164751.720703125,6313.0,12.0,17.0,201524.0
164770.40356445312,6314.0,15.0,19.0,201526.0
164789.08642578125,6315.0,18.0,23.0,201530.0
164807.76928710938,6316.0,19.0,28.0,201535.0
164826.45190429688,6317.0,22.0,31.0,201538.0
164845.134765625,6318.0,25.0,36.0,201543.0
164863.81762695312,6319.0,28.0,38.0,201545.0
164882.50048828125,6320.0,31.0,41.0,201548.0
164901.18334960938,6321.0,33.0,42.0,201549.0
164919.8662109375,6322.0,34.0,39.0,201546.0
164938.54907226562,6323.0,28.0,33.0,201540.0
164957.23193359375,6324.0,19.0,21.0,201528.0
164975.91455078125,6325.0,7.0,9.0,201516.0
164994.59741210938,6326.0,-5.0,-2.0,201505.0
165013.2802734375,6327.0,-14.0,-11.0,201496.0
165031.96313476562,6328.0,-19.0,-15.0,201492.0
165050.64599609375,6329.0,-20.0,-15.0,201492.0
165069.32885742188,6330.0,-15.0,-11.0,201496.0
165088.01171875,6331.0,-5.0,-4.0,201503.0
165106.69458007812,6332.0,5.0,4.0,201511.0
165125.37719726562,6333.0,14.0,12.0,201519.0
165144.06005859375,6334.0,20.0,18.0,201525.0
165162.74291992188,6335.0,24.0,24.0,201531.0
165181.42578125,6336.0,28.0,27.0,201534.0
165200.10864257812,6337.0,30.0,30.0,201537.0
165218.79150390625,6338.0,32.0,31.0,201538.0
165237.47436523438,6339.0,35.0,34.0,201541.0
165256.1572265625,6340.0,36.0,36.0,201543.0
165274.84008789062,6341.0,35.0,34.0,201541.0
165293.52270507812,6342.0,32.0,31.0,201538.0
165312.20556640625,6343.0,27.0,27.0,201534.0
165330.88842773438,6344.0,23.0,25.0,201532.0
165349.5712890625,6345.0,19.0,23.0,201530.0
165368.25415039062,6346.0,16.0,23.0,201530.0
165386.93701171875,6347.0,17.0,23.0,201530.0
165405.61987304688,6348.0,18.0,24.0,201531.0
165424.302734375,6349.0,21.0,26.0,201533.0
165442.9853515625,6350.0,24.0,27.0,201534.0
165461.66821289062,6351.0,26.0,30.0,201537.0
165480.35107421875,6352.0,28.0,33.0,201540.0
165499.03393554688,6353.0,28.0,35.0,201542.0
165517.716796875,6354.0,28.0,39.0,201546.0
165536.39965820312,6355.0,33.0,44.0,201551.0
165555.08251953125,6356.0,39.0,46.0,201553.0
165573.76538085938,6357.0,45.0,47.0,201554.0
165592.4482421875,6358.0,50.0,46.0,201553.0
165611.130859375,6359.0,49.0,40.0,201547.0
165629.81372070312,6360.0,42.0,30.0,201537.0
165648.49658203125,6361.0,28.0,17.0,201524.0
165667.17944335938,6362.0,14.0,4.0,201511.0
165685.8623046875,6363.0,3.0,-4.0,201503.0
165704.54516601562,6364.0,-4.0,-9.0,201498.0
165723.22802734375,6365.0,-6.0,-8.0,201499.0
165741.91088867188,6366.0,-4.0,-4.0,201503.0
165760.59350585938,6367.0,2.0,2.0,201509.0
165779.2763671875,6368.0,10.0,10.0,201517.0
165797.95922851562,6369.0,19.0,18.0,201525.0
165816.64208984375,6370.0,26.0,25.0,201532.0
165835.32495117188,6371.0,33.0,31.0,201538.0
165854.0078125,6372.0,37.0,35.0,201542.0
165872.69067382812,6373.0,40.0,37.0,201544.0
165891.37353515625,6374.0,43.0,39.0,201546.0
165910.05639648438,6375.0,43.0,38.0,201545.0
165928.73901367188,6376.0,41.0,38.0,201545.0
165947.421875,6377.0,37.0,36.0,201543.0
165966.10473632812,6378.0,34.0,33.0,201540.0
165984.78759765625,6379.0,31.0,29.0,201536.0
166003.47045898438,6380.0,29.0,25.0,201532.0
166022.1533203125,6381.0,28.0,23.0,201530.0
166040.83618164062,6382.0,28.0,22.0,201529.0
166059.51904296875,6383.0,28.0,22.0,201529.0
166078.20166015625,6384.0,28.0,22.0,201529.0
166096.88452148438,6385.0,30.0,25.0,201532.0
166115.5673828125,6386.0,30.0,28.0,201535.0
166134.25024414062,6387.0,31.0,31.0,201538.0
166152.93310546875,6388.0,31.0,36.0,201543.0
166171.61596679688,6389.0,30.0,40.0,201547.0
166190.298828125,6390.0,31.0,40.0,201547.0
166208.98168945312,6391.0,30.0,40.0,201547.0
166227.66430664062,6392.0,28.0,37.0,201544.0
166246.34716796875,6393.0,23.0,30.0,201537.0
166265.03002929688,6394.0,15.0,19.0,201526.0
166283.712890625,6395.0,3.0,4.0,201511.0
166302.39575195312,6396.0,-8.0,-9.0,201498.0
166321.07861328125,6397.0,-17.0,-19.0,201488.0
166339.76147460938,6398.0,-23.0,-24.0,201483.0
166358.4443359375,6399.0,-27.0,-26.0,201481.0
166377.12719726562,6400.0,-25.0,-23.0,201484.0
166395.80981445312,6401.0,-18.0,-17.0,201490.0
166414.49267578125,6402.0,-13.0,-10.0,201497.0
166433.17553710938,6403.0,-8.0,-4.0,201503.0
166451.8583984375,6404.0,-4.0,0.0,201507.0
166470.54125976562,6405.0,0.0,5.0,201512.0
166489.22412109375,6406.0,3.0,8.0,201515.0
166507.90698242188,6407.0,5.0,10.0,201517.0
166526.58984375,6408.0,7.0,12.0,201519.0
166545.2724609375,6409.0,10.0,13.0,201520.0
166563.95532226562,6410.0,13.0,16.0,201523.0
166582.63818359375,6411.0,15.0,18.0,201525.0
166601.32104492188,6412.0,15.0,19.0,201526.0
166620.00390625,6413.0,13.0,18.0,201525.0
166638.68676757812,6414.0,11.0,16.0,201523.0
166657.36962890625,6415.0,10.0,15.0,201522.0
166676.05249023438,6416.0,10.0,15.0,201522.0
166694.7353515625,6417.0,11.0,16.0,201523.0
166713.41796875,6418.0,13.0,18.0,201525.0
166732.10083007812,6419.0,16.0,21.0,201528.0
166750.78369140625,6420.0,20.0,24.0,201531.0
166769.46655273438,6421.0,28.0,27.0,201534.0
166788.1494140625,6422.0,37.0,31.0,201538.0
166806.83227539062,6423.0,43.0,34.0,201541.0
166825.51513671875,6424.0,49.0,37.0,201544.0
166844.19799804688,6425.0,52.0,40.0,201547.0
166862.88061523438,6426.0,51.0,39.0,201546.0
166881.5634765625,6427.0,44.0,33.0,201540.0
166900.24633789062,6428.0,33.0,20.0,201527.0
166918.92919921875,6429.0,21.0,7.0,201514.0
166937.61206054688,6430.0,10.0,-5.0,201502.0
166956.294921875,6431.0,2.0,-14.0,201493.0
166974.97778320312,6432.0,-2.0,-18.0,201489.0
166993.66064453125,6433.0,-1.0,-18.0,201489.0
167012.34350585938,6434.0,4.0,-14.0,201493.0
167031.02612304688,6435.0,10.0,-9.0,201498.0
167049.708984375,6436.0,17.0,-3.0,201504.0
167068.39184570312,6437.0,24.0,2.0,201509.0
167087.07470703125,6438.0,28.0,7.0,201514.0
167105.75756835938,6439.0,32.0,11.0,201518.0
167124.4404296875,6440.0,33.0,14.0,201521.0
167143.12329101562,6441.0,33.0,17.0,201524.0
167161.80615234375,6442.0,32.0,16.0,201523.0
167180.48876953125,6443.0,29.0,16.0,201523.0
167199.17163085938,6444.0,26.0,16.0,201523.0
167217.8544921875,6445.0,23.0,16.0,201523.0
167236.53735351562,6446.0,19.0,15.0,201522.0
167255.22021484375,6447.0,15.0,12.0,201519.0
167273.90307617188,6448.0,14.0,9.0,201516.0
167292.5859375,6449.0,14.0,4.0,201511.0
167311.26879882812,6450.0,17.0,-1.0,201506.0
167329.95141601562,6451.0,22.0,-5.0,201502.0
167348.63427734375,6452.0,26.0,-7.0,201500.0
167367.31713867188,6453.0,32.0,-7.0,201500.0
167386.0,6454.0,37.0,-4.0,201503.0
167404.68286132812,6455.0,39.0,2.0,201509.0
167423.36572265625,6456.0,40.0,8.0,201515.0
167442.04858398438,6457.0,39.0,12.0,201519.0
167460.7314453125,6458.0,38.0,16.0,201523.0
167479.41430664062,6459.0,37.0,19.0,201526.0
167498.09692382812,6460.0,32.0,19.0,201526.0
167516.77978515625,6461.0,24.0,13.0,201520.0
167535.46264648438,6462.0,11.0,1.0,201508.0
167554.1455078125,6463.0,-1.0,-13.0,201494.0
167572.82836914062,6464.0,-11.0,-26.0,201481.0
167591.51123046875,6465.0,-17.0,-36.0,201471.0
167610.19409179688,6466.0,-19.0,-40.0,201467.0
167628.876953125,6467.0,-18.0,-40.0,201467.0
167647.5595703125,6468.0,-16.0,-36.0,201471.0
167666.24243164062,6469.0,-13.0,-30.0,201477.0
167684.92529296875,6470.0,-8.0,-23.0,201484.0
167703.60815429688,6471.0,-2.0,-17.0,201490.0
167722.291015625,6472.0,2.0,-11.0,201496.0
167740.97387695312,6473.0,5.0,-7.0,201500.0
167759.65673828125,6474.0,8.0,-4.0,201503.0
167778.33959960938,6475.0,10.0,-1.0,201506.0
167797.0224609375,6476.0,15.0,2.0,201509.0
167815.705078125,6477.0,20.0,6.0,201513.0
167834.38793945312,6478.0,24.0,8.0,201515.0
167853.07080078125,6479.0,25.0,8.0,201515.0
167871.75366210938,6480.0,22.0,6.0,201513.0
167890.4365234375,6481.0,20.0,4.0,201511.0
167909.11938476562,6482.0,19.0,1.0,201508.0
167927.80224609375,6483.0,22.0,1.0,201508.0
167946.48510742188,6484.0,26.0,2.0,201509.0
167965.16772460938,6485.0,31.0,4.0,201511.0
167983.8505859375,6486.0,35.0,8.0,201515.0
168002.53344726562,6487.0,37.0,11.0,201518.0
168021.21630859375,6488.0,39.0,14.0,201521.0
168039.89916992188,6489.0,40.0,16.0,201523.0
168058.58203125,6490.0,42.0,18.0,201525.0
168077.26489257812,6491.0,45.0,20.0,201527.0
168095.94775390625,6492.0,45.0,22.0,201529.0
168114.63061523438,6493.0,44.0,23.0,201530.0
168133.31323242188,6494.0,42.0,23.0,201530.0
168151.99609375,6495.0,35.0,18.0,201525.0
168170.67895507812,6496.0,25.0,9.0,201516.0
168189.36181640625,6497.0,12.0,-5.0,201502.0
168208.04467773438,6498.0,-2.0,-18.0,201489.0
168226.7275390625,6499.0,-14.0,-29.0,201478.0
168245.41040039062,6500.0,-21.0,-35.0,201472.0
168264.09326171875,6501.0,-23.0,-35.0,201472.0
168282.77587890625,6502.0,-19.0,-34.0,201473.0
168301.45874023438,6503.0,-10.0,-30.0,201477.0
168320.1416015625,6504.0,1.0,-22.0,201485.0
168338.82446289062,6505.0,11.0,-15.0,201492.0
168357.50732421875,6506.0,17.0,-9.0,201498.0
168376.19018554688,6507.0,18.0,-5.0,201502.0
168394.873046875,6508.0,19.0,-3.0,201504.0
168413.55590820312,6509.0,20.0,-3.0,201504.0
168432.23852539062,6510.0,20.0,-3.0,201504.0
168450.92138671875,6511.0,18.0,-3.0,201504.0
168469.60424804688,6512.0,15.0,-1.0,201506.0
168488.287109375,6513.0,13.0,1.0,201508.0
168506.96997070312,6514.0,12.0,1.0,201508.0
168525.65283203125,6515.0,11.0,-1.0,201506.0
168544.33569335938,6516.0,10.0,-4.0,201503.0
168563.0185546875,6517.0,10.0,-6.0,201501.0
168581.70141601562,6518.0,10.0,-8.0,201499.0
168600.38403320312,6519.0,10.0,-7.0,201500.0
168619.06689453125,6520.0,11.0,-6.0,201501.0
168637.74975585938,6521.0,13.0,-5.0,201502.0
168656.4326171875,6522.0,13.0,-3.0,201504.0
168675.11547851562,6523.0,13.0,0.0,201507.0
168693.79833984375,6524.0,12.0,3.0,201510.0
168712.48120117188,6525.0,13.0,7.0,201514.0
168731.1640625,6526.0,13.0,10.0,201517.0
168749.8466796875,6527.0,14.0,12.0,201519.0
168768.52954101562,6528.0,15.0,11.0,201518.0
168787.21240234375,6529.0,13.0,7.0,201514.0
168805.89526367188,6530.0,7.0,-3.0,201504.0
168824.578125,6531.0,-2.0,-14.0,201493.0
168843.26098632812,6532.0,-12.0,-23.0,201484.0
168861.94384765625,6533.0,-18.0,-32.0,201475.0
168880.62670898438,6534.0,-22.0,-36.0,201471.0
168899.3095703125,6535.0,-24.0,-35.0,201472.0
168917.9921875,6536.0,-21.0,-32.0,201475.0
168936.67504882812,6537.0,-17.0,-26.0,201481.0
168955.35791015625,6538.0,-11.0,-20.0,201487.0
168974.04077148438,6539.0,-5.0,-14.0,201493.0
168992.7236328125,6540.0,2.0,-8.0,201499.0
169011.40649414062,6541.0,8.0,-2.0,201505.0
169030.08935546875,6542.0,14.0,2.0,201509.0
169048.77221679688,6543.0,18.0,4.0,201511.0
169067.45483398438,6544.0,20.0,6.0,201513.0
169086.1376953125,6545.0,20.0,8.0,201515.0
169104.82055664062,6546.0,19.0,11.0,201518.0
169123.50341796875,6547.0,17.0,12.0,201519.0
169142.18627929688,6548.0,14.0,11.0,201518.0
169160.869140625,6549.0,11.0,8.0,201515.0
169179.55200195312,6550.0,7.0,4.0,201511.0
169198.23486328125,6551.0,4.0,0.0,201507.0
169216.91772460938,6552.0,3.0,-2.0,201505.0
169235.60034179688,6553.0,2.0,-3.0,201504.0
169254.283203125,6554.0,2.0,-3.0,201504.0
169272.96606445312,6555.0,3.0,-1.0,201506.0
169291.64892578125,6556.0,5.0,2.0,201509.0
169310.33178710938,6557.0,6.0,7.0,201514.0
169329.0146484375,6558.0,8.0,11.0,201518.0
169347.69750976562,6559.0,8.0,15.0,201522.0
169366.38037109375,6560.0,8.0,16.0,201523.0
169385.06298828125,6561.0,6.0,13.0,201520.0
169403.74584960938,6562.0,0.0,6.0,201513.0
169422.4287109375,6563.0,-8.0,-4.0,201503.0
169441.11157226562,6564.0,-15.0,-15.0,201492.0
169459.79443359375,6565.0,-22.0,-26.0,201481.0
169478.47729492188,6566.0,-27.0,-32.0,201475.0
169497.16015625,6567.0,-31.0,-35.0,201472.0
169515.84301757812,6568.0,-31.0,-34.0,201473.0
169534.52563476562,6569.0,-27.0,-28.0,201479.0
169553.20849609375,6570.0,-19.0,-21.0,201486.0
169571.89135742188,6571.0,-9.0,-13.0,201494.0
169590.57421875,6572.0,-1.0,-5.0,201502.0
169609.25708007812,6573.0,5.0,2.0,201509.0
169627.93994140625,6574.0,8.0,6.0,201513.0
169646.62280273438,6575.0,10.0,9.0,201516.0
169665.3056640625,6576.0,13.0,11.0,201518.0
169683.98852539062,6577.0,15.0,13.0,201520.0
169702.67114257812,6578.0,17.0,14.0,201521.0
169721.35400390625,6579.0,17.0,14.0,201521.0
169740.03686523438,6580.0,13.0,13.0,201520.0
169758.7197265625,6581.0,7.0,11.0,201518.0
169777.40258789062,6582.0,1.0,9.0,201516.0
